0.25  0.120933
0.25325  0.036552
0.2565  0.0100895
0.25975  0.0422136
0.263  0.124712
0.26625  0.243035
0.2695  0.379289
0.27275  0.515122
0.276  0.634149
0.27925  0.723667
0.2825  0.775617
0.28575  0.786825
0.289  0.758654
0.29225  0.696233
0.2955  0.607431
0.29875  0.501744
0.302  0.389212
0.30525  0.27948
0.3085  0.181044
0.31175  0.10073
0.315  0.043383
0.31825  0.0117693
0.3215  0.0066477
0.32475  0.0269729
0.328  0.0701924
0.33125  0.132597
0.3345  0.209688
0.33775  0.296543
0.341  0.38814
0.34425  0.479649
0.3475  0.566659
0.35075  0.645351
0.354  0.71262
0.35725  0.766134
0.3605  0.804352
0.36375  0.826501
0.367  0.832522
0.37025  0.822989
0.3735  0.799018
0.37675  0.76216
0.38  0.7143
0.38325  0.657547
0.3865  0.594138
0.38975  0.52635
0.393  0.456416
0.39625  0.386464
0.3995  0.318461
0.40275  0.254168
0.406  0.195114
0.40925  0.142575
0.4125  0.0975646
0.41575  0.0608368
0.419  0.0328895
0.42225  0.0139793
0.4255  0.00413904
0.42875  0.00319943
0.432  0.0108125
0.43525  0.0264768
0.4385  0.0495636
0.44175  0.0793417
0.445  0.115003
0.44825  0.155685
0.4515  0.200495
0.45475  0.248525
0.458  0.298876
0.46125  0.35067
0.4645  0.403062
0.46775  0.455254
0.471  0.506504
0.47425  0.556132
0.4775  0.603524
0.48075  0.648138
0.484  0.689505
0.48725  0.727229
0.4905  0.760986
0.49375  0.790523
0.497  0.815655
0.50025  0.836263
0.5035  0.852287
0.50675  0.863725
0.51  0.870626
0.51325  0.873085
0.5165  0.87124
0.51975  0.865265
0.523  0.855368
0.52625  0.841781
0.5295  0.824759
0.53275  0.804576
0.536  0.781519
0.53925  0.755884
0.5425  0.727973
0.54575  0.698091
0.549  0.666543
0.55225  0.633629
0.5555  0.599645
0.55875  0.564878
0.562  0.529604
0.56525  0.494091
0.5685  0.458591
0.57175  0.423343
0.575  0.388572
0.57825  0.354487
0.5815  0.321282
0.58475  0.289132
0.588  0.2582
0.59125  0.228628
0.5945  0.200546
0.59775  0.174067
0.601  0.149286
0.60425  0.126287
0.6075  0.105136
0.61075  0.0858866
0.614  0.06858
0.61725  0.0532433
0.6205  0.0398924
0.62375  0.0285319
0.627  0.0191558
0.63025  0.0117488
0.6335  0.00628614
0.63675  0.0027353
0.64  0.00105607
0.64325  0.00120149
0.6465  0.00311857
0.64975  0.00674889
0.653  0.0120293
0.65625  0.0188925
0.6595  0.0272678
0.66275  0.0370813
0.666  0.0482568
0.66925  0.0607164
0.6725  0.0743805
0.67575  0.0891685
0.679  0.104999
0.68225  0.121792
0.6855  0.139465
0.68875  0.157939
0.692  0.177132
0.69525  0.196967
0.6985  0.217367
0.70175  0.238254
0.705  0.259557
0.70825  0.281201
0.7115  0.303118
0.71475  0.325239
0.718  0.347499
0.72125  0.369834
0.7245  0.392185
0.72775  0.414493
0.731  0.436703
0.73425  0.458761
0.7375  0.480619
0.74075  0.502227
0.744  0.523542
0.74725  0.544522
0.7505  0.565126
0.75375  0.585319
0.757  0.605065
0.76025  0.624333
0.7635  0.643094
0.76675  0.661321
0.77  0.678988
0.77325  0.696075
0.7765  0.712561
0.77975  0.728427
0.783  0.74366
0.78625  0.758244
0.7895  0.772168
0.79275  0.785423
0.796  0.798
0.79925  0.809892
0.8025  0.821096
0.80575  0.831608
0.809  0.841426
0.81225  0.85055
0.8155  0.858982
0.81875  0.866724
0.822  0.873779
0.82525  0.880153
0.8285  0.88585
0.83175  0.890879
0.835  0.895246
0.83825  0.89896
0.8415  0.902031
0.84475  0.904469
0.848  0.906284
0.85125  0.907489
0.8545  0.908095
0.85775  0.908114
0.861  0.907561
0.86425  0.906447
0.8675  0.904788
0.87075  0.902598
0.874  0.89989
0.87725  0.896679
0.8805  0.892981
0.88375  0.88881
0.887  0.884183
0.89025  0.879113
0.8935  0.873617
0.89675  0.86771
0.9  0.861407
0.90325  0.854724
0.9065  0.847677
0.90975  0.84028
0.913  0.83255
0.91625  0.824501
0.9195  0.816148
0.92275  0.807507
0.926  0.798591
0.92925  0.789417
0.9325  0.779997
0.93575  0.770347
0.939  0.76048
0.94225  0.750411
0.9455  0.740152
0.94875  0.729717
0.952  0.71912
0.95525  0.708373
0.9585  0.697489
0.96175  0.686479
0.965  0.675357
0.96825  0.664133
0.9715  0.65282
0.97475  0.641429
0.978  0.62997
0.98125  0.618454
0.9845  0.606892
0.98775  0.595294
0.991  0.583669
0.99425  0.572027
0.9975  0.560378
1.00075  0.54873
1.004  0.537091
1.00725  0.525471
1.0105  0.513877
1.01375  0.502318
1.017  0.4908
1.02025  0.479332
1.0235  0.46792
1.02675  0.456571
1.03  0.445291
1.03325  0.434087
1.0365  0.422964
1.03975  0.411929
1.043  0.400988
1.04625  0.390144
1.0495  0.379404
1.05275  0.368772
1.056  0.358252
1.05925  0.34785
1.0625  0.337569
1.06575  0.327413
1.069  0.317386
1.07225  0.307491
1.0755  0.297732
1.07875  0.288112
1.082  0.278634
1.08525  0.2693
1.0885  0.260113
1.09175  0.251076
1.095  0.242191
1.09825  0.233459
1.1015  0.224883
1.10475  0.216464
1.108  0.208205
1.11125  0.200106
1.1145  0.192169
1.11775  0.184395
1.121  0.176784
1.12425  0.169339
1.1275  0.162059
1.13075  0.154946
1.134  0.147999
1.13725  0.14122
1.1405  0.134608
1.14375  0.128164
1.147  0.121888
1.15025  0.115779
1.1535  0.109839
1.15675  0.104065
1.16  0.0984594
1.16325  0.0930204
1.1665  0.0877478
1.16975  0.0826412
1.173  0.0776998
1.17625  0.0729231
1.1795  0.0683103
1.18275  0.0638606
1.186  0.0595732
1.18925  0.055447
1.1925  0.0514811
1.19575  0.0476745
1.199  0.0440261
1.20225  0.0405347
1.2055  0.0371991
1.20875  0.0340181
1.212  0.0309904
1.21525  0.0281147
1.2185  0.0253896
1.22175  0.0228138
1.225  0.0203858
1.22825  0.0181041
1.2315  0.0159672
1.23475  0.0139737
1.238  0.012122
1.24125  0.0104105
1.2445  0.00883766
1.24775  0.00740182
1.251  0.00610137
1.25425  0.00493467
1.2575  0.00390004
1.26075  0.00299582
1.264  0.0022203
1.26725  0.00157179
1.2705  0.00104857
1.27375  0.000648924
1.277  0.000371113
1.28025  0.000213403
1.2835  0.000174051
1.28675  0.000251311
1.29  0.000443431
1.29325  0.00074866
1.2965  0.00116524
1.29975  0.00169142
1.303  0.00232545
1.30625  0.00306557
1.3095  0.00391003
1.31275  0.00485709
1.316  0.005905
1.31925  0.00705203
1.3225  0.00829643
1.32575  0.00963649
1.329  0.0110705
1.33225  0.0125967
1.3355  0.0142134
1.33875  0.015919
1.342  0.0177116
1.34525  0.0195897
1.3485  0.0215516
1.35175  0.0235957
1.355  0.0257201
1.35825  0.0279235
1.3615  0.030204
1.36475  0.0325602
1.368  0.0349903
1.37125  0.0374929
1.3745  0.0400663
1.37775  0.0427089
1.381  0.0454193
1.38425  0.0481959
1.3875  0.0510372
1.39075  0.0539416
1.394  0.0569077
1.39725  0.059934
1.4005  0.0630191
1.40375  0.0661614
1.407  0.0693596
1.41025  0.0726123
1.4135  0.075918
1.41675  0.0792753
1.42  0.082683
1.42325  0.0861395
1.4265  0.0896437
1.42975  0.0931942
1.433  0.0967896
1.43625  0.100429
1.4395  0.10411
1.44275  0.107833
1.446  0.111595
1.44925  0.115397
1.4525  0.119235
1.45575  0.12311
1.459  0.12702
1.46225  0.130964
1.4655  0.134941
1.46875  0.138949
1.472  0.142988
1.47525  0.147056
1.4785  0.151153
1.48175  0.155277
1.485  0.159427
1.48825  0.163603
1.4915  0.167802
1.49475  0.172025
1.498  0.17627
1.50125  0.180536
1.5045  0.184822
1.50775  0.189128
1.511  0.193452
1.51425  0.197793
1.5175  0.202151
1.52075  0.206525
1.524  0.210913
1.52725  0.215315
1.5305  0.219731
1.53375  0.224158
1.537  0.228597
1.54025  0.233047
1.5435  0.237507
1.54675  0.241975
1.55  0.246452
1.55325  0.250937
1.5565  0.255428
1.55975  0.259925
1.563  0.264428
1.56625  0.268936
1.5695  0.273447
1.57275  0.277962
1.576  0.28248
1.57925  0.286999
1.5825  0.29152
1.58575  0.296042
1.589  0.300564
1.59225  0.305086
1.5955  0.309607
1.59875  0.314126
1.602  0.318643
1.60525  0.323157
1.6085  0.327668
1.61175  0.332175
1.615  0.336678
1.61825  0.341176
1.6215  0.345669
1.62475  0.350156
1.628  0.354637
1.63125  0.359112
1.6345  0.363579
1.63775  0.368038
1.641  0.372489
1.64425  0.376932
1.6475  0.381366
1.65075  0.385791
1.654  0.390206
1.65725  0.394611
1.6605  0.399006
1.66375  0.403389
1.667  0.407762
1.67025  0.412123
1.6735  0.416472
1.67675  0.420808
1.68  0.425132
1.68325  0.429444
1.6865  0.433742
1.68975  0.438026
1.693  0.442297
1.69625  0.446554
1.6995  0.450796
1.70275  0.455024
1.706  0.459236
1.70925  0.463434
1.7125  0.467616
1.71575  0.471782
1.719  0.475933
1.72225  0.480067
1.7255  0.484185
1.72875  0.488286
1.732  0.492371
1.73525  0.496438
1.7385  0.500488
1.74175  0.504521
1.745  0.508536
1.74825  0.512534
1.7515  0.516513
1.75475  0.520474
1.758  0.524417
1.76125  0.528342
1.7645  0.532247
1.76775  0.536135
1.771  0.540003
1.77425  0.543852
1.7775  0.547682
1.78075  0.551492
1.784  0.555283
1.78725  0.559055
1.7905  0.562807
1.79375  0.566539
1.797  0.570251
1.80025  0.573943
1.8035  0.577615
1.80675  0.581267
1.81  0.584899
1.81325  0.58851
1.8165  0.592101
1.81975  0.595671
1.823  0.599221
1.82625  0.60275
1.8295  0.606259
1.83275  0.609746
1.836  0.613213
1.83925  0.616659
1.8425  0.620084
1.84575  0.623488
1.849  0.626871
1.85225  0.630233
1.8555  0.633573
1.85875  0.636893
1.862  0.640191
1.86525  0.643469
1.8685  0.646725
1.87175  0.649959
1.875  0.653173
1.87825  0.656365
1.8815  0.659536
1.88475  0.662686
1.888  0.665814
1.89125  0.668921
1.8945  0.672007
1.89775  0.675071
1.901  0.678114
1.90425  0.681136
1.9075  0.684137
1.91075  0.687116
1.914  0.690074
1.91725  0.69301
1.9205  0.695926
1.92375  0.69882
1.927  0.701693
1.93025  0.704545
1.9335  0.707375
1.93675  0.710185
1.94  0.712973
1.94325  0.71574
1.9465  0.718487
1.94975  0.721212
1.953  0.723916
1.95625  0.726599
1.9595  0.729262
1.96275  0.731903
1.966  0.734524
1.96925  0.737124
1.9725  0.739703
1.97575  0.742261
1.979  0.744799
1.98225  0.747316
1.9855  0.749813
1.98875  0.752289
1.992  0.754745
1.99525  0.75718
1.9985  0.759595
2.00175  0.76199
2.005  0.764364
2.00825  0.766719
2.0115  0.769053
2.01475  0.771367
2.018  0.773661
2.02125  0.775935
2.0245  0.778189
2.02775  0.780424
2.031  0.782639
2.03425  0.784834
2.0375  0.787009
2.04075  0.789165
2.044  0.791302
2.04725  0.793419
2.0505  0.795517
2.05375  0.797595
2.057  0.799654
2.06025  0.801694
2.0635  0.803716
2.06675  0.805718
2.07  0.807701
2.07325  0.809665
2.0765  0.811611
2.07975  0.813538
2.083  0.815446
2.08625  0.817336
2.0895  0.819207
2.09275  0.82106
2.096  0.822895
2.09925  0.824712
2.1025  0.82651
2.10575  0.82829
2.109  0.830052
2.11225  0.831797
2.1155  0.833523
2.11875  0.835232
2.122  0.836923
2.12525  0.838597
2.1285  0.840253
2.13175  0.841891
2.135  0.843513
2.13825  0.845117
2.1415  0.846703
2.14475  0.848273
2.148  0.849826
2.15125  0.851362
2.1545  0.852881
2.15775  0.854383
2.161  0.855868
2.16425  0.857337
2.1675  0.858789
2.17075  0.860225
2.174  0.861645
2.17725  0.863048
2.1805  0.864435
2.18375  0.865806
2.187  0.867161
2.19025  0.8685
2.1935  0.869823
2.19675  0.871131
2.2  0.872423
2.20325  0.873699
2.2065  0.874959
2.20975  0.876204
2.213  0.877434
2.21625  0.878649
2.2195  0.879848
2.22275  0.881033
2.226  0.882202
2.22925  0.883356
2.2325  0.884496
2.23575  0.88562
2.239  0.88673
2.24225  0.887826
2.2455  0.888907
2.24875  0.889973
2.252  0.891025
2.25525  0.892063
2.2585  0.893087
2.26175  0.894096
2.265  0.895092
2.26825  0.896073
2.2715  0.897041
2.27475  0.897995
2.278  0.898935
2.28125  0.899862
2.2845  0.900775
2.28775  0.901675
2.291  0.902561
2.29425  0.903434
2.2975  0.904294
2.30075  0.90514
2.304  0.905974
2.30725  0.906794
2.3105  0.907602
2.31375  0.908397
2.317  0.909179
2.32025  0.909949
2.3235  0.910705
2.32675  0.91145
2.33  0.912182
2.33325  0.912901
2.3365  0.913609
2.33975  0.914304
2.343  0.914987
2.34625  0.915658
2.3495  0.916317
2.35275  0.916964
2.356  0.9176
2.35925  0.918223
2.3625  0.918835
2.36575  0.919436
2.369  0.920025
2.37225  0.920602
2.3755  0.921168
2.37875  0.921723
2.382  0.922267
2.38525  0.922799
2.3885  0.923321
2.39175  0.923831
2.395  0.924331
2.39825  0.924819
2.4015  0.925297
2.40475  0.925764
2.408  0.926221
2.41125  0.926667
2.4145  0.927103
2.41775  0.927528
2.421  0.927942
2.42425  0.928347
2.4275  0.928741
2.43075  0.929125
2.434  0.929499
2.43725  0.929864
2.4405  0.930218
2.44375  0.930562
2.447  0.930897
2.45025  0.931221
2.4535  0.931537
2.45675  0.931842
2.46  0.932138
2.46325  0.932425
2.4665  0.932702
2.46975  0.93297
2.473  0.933228
2.47625  0.933478
2.4795  0.933718
2.48275  0.933949
2.486  0.934172
2.48925  0.934385
2.4925  0.934589
2.49575  0.934785
2.499  0.934972
2.50225  0.93515
2.5055  0.935319
2.50875  0.93548
2.512  0.935633
2.51525  0.935777
2.5185  0.935913
2.52175  0.93604
2.525  0.936159
2.52825  0.93627
2.5315  0.936373
2.53475  0.936467
2.538  0.936554
2.54125  0.936633
2.5445  0.936704
2.54775  0.936767
2.551  0.936822
2.55425  0.936869
2.5575  0.936909
2.56075  0.936941
2.564  0.936966
2.56725  0.936983
2.5705  0.936993
2.57375  0.936995
2.577  0.93699
2.58025  0.936978
2.5835  0.936959
2.58675  0.936932
2.59  0.936898
2.59325  0.936858
2.5965  0.93681
2.59975  0.936755
2.603  0.936693
2.60625  0.936625
2.6095  0.93655
2.61275  0.936468
2.616  0.936379
2.61925  0.936284
2.6225  0.936182
2.62575  0.936073
2.629  0.935959
2.63225  0.935837
2.6355  0.935709
2.63875  0.935575
2.642  0.935435
2.64525  0.935289
2.6485  0.935136
2.65175  0.934977
2.655  0.934812
2.65825  0.934641
2.6615  0.934464
2.66475  0.934281
2.668  0.934092
2.67125  0.933898
2.6745  0.933697
2.67775  0.933491
2.681  0.933279
2.68425  0.933062
2.6875  0.932838
2.69075  0.93261
2.694  0.932375
2.69725  0.932136
2.7005  0.931891
2.70375  0.93164
2.707  0.931384
2.71025  0.931123
2.7135  0.930856
2.71675  0.930585
2.72  0.930308
2.72325  0.930026
2.7265  0.929739
2.72975  0.929447
2.733  0.929149
2.73625  0.928847
2.7395  0.92854
2.74275  0.928228
2.746  0.927912
2.74925  0.92759
2.7525  0.927264
2.75575  0.926933
2.759  0.926597
2.76225  0.926257
2.7655  0.925912
2.76875  0.925563
2.772  0.925209
2.77525  0.92485
2.7785  0.924487
2.78175  0.92412
2.785  0.923748
2.78825  0.923372
2.7915  0.922992
2.79475  0.922607
2.798  0.922219
2.80125  0.921826
2.8045  0.921428
2.80775  0.921027
2.811  0.920622
2.81425  0.920213
2.8175  0.919799
2.82075  0.919382
2.824  0.918961
2.82725  0.918536
2.8305  0.918107
2.83375  0.917674
2.837  0.917237
2.84025  0.916797
2.8435  0.916353
2.84675  0.915905
2.85  0.915454
2.85325  0.914999
2.8565  0.91454
2.85975  0.914078
2.863  0.913612
2.86625  0.913143
2.8695  0.91267
2.87275  0.912194
2.876  0.911715
2.87925  0.911232
2.8825  0.910746
2.88575  0.910256
2.889  0.909763
2.89225  0.909267
2.8955  0.908768
2.89875  0.908266
2.902  0.90776
2.90525  0.907251
2.9085  0.90674
2.91175  0.906225
2.915  0.905707
2.91825  0.905186
2.9215  0.904662
2.92475  0.904135
2.928  0.903605
2.93125  0.903073
2.9345  0.902537
2.93775  0.901999
2.941  0.901458
2.94425  0.900914
2.9475  0.900367
2.95075  0.899818
2.954  0.899266
2.95725  0.898711
2.9605  0.898153
2.96375  0.897593
2.967  0.897031
2.97025  0.896465
2.9735  0.895898
2.97675  0.895327
2.98  0.894755
2.98325  0.894179
2.9865  0.893602
2.98975  0.893022
2.993  0.892439
2.99625  0.891854
2.9995  0.891267
3.00275  0.890677
3.006  0.890086
3.00925  0.889492
3.0125  0.888895
3.01575  0.888297
3.019  0.887696
3.02225  0.887093
3.0255  0.886488
3.02875  0.885881
3.032  0.885271
3.03525  0.88466
3.0385  0.884046
3.04175  0.883431
3.045  0.882813
3.04825  0.882194
3.0515  0.881572
3.05475  0.880949
3.058  0.880324
3.06125  0.879696
3.0645  0.879067
3.06775  0.878436
3.071  0.877803
3.07425  0.877168
3.0775  0.876532
3.08075  0.875894
3.084  0.875254
3.08725  0.874612
3.0905  0.873968
3.09375  0.873323
3.097  0.872676
3.10025  0.872027
3.1035  0.871377
3.10675  0.870725
3.11  0.870072
3.11325  0.869417
3.1165  0.86876
3.11975  0.868102
3.123  0.867442
3.12625  0.866781
3.1295  0.866118
3.13275  0.865454
3.136  0.864788
3.13925  0.864121
3.1425  0.863453
3.14575  0.862783
3.149  0.862112
3.15225  0.861439
3.1555  0.860765
3.15875  0.86009
3.162  0.859413
3.16525  0.858735
3.1685  0.858056
3.17175  0.857375
3.175  0.856693
3.17825  0.85601
3.1815  0.855326
3.18475  0.854641
3.188  0.853954
3.19125  0.853266
3.1945  0.852578
3.19775  0.851887
3.201  0.851196
3.20425  0.850504
3.2075  0.849811
3.21075  0.849116
3.214  0.848421
3.21725  0.847724
3.2205  0.847026
3.22375  0.846328
3.227  0.845628
3.23025  0.844928
3.2335  0.844226
3.23675  0.843524
3.24  0.84282
3.24325  0.842116
3.2465  0.841411
3.24975  0.840704
3.253  0.839997
3.25625  0.839289
3.2595  0.83858
3.26275  0.837871
3.266  0.83716
3.26925  0.836449
3.2725  0.835737
3.27575  0.835024
3.279  0.83431
3.28225  0.833596
3.2855  0.832881
3.28875  0.832165
3.292  0.831448
3.29525  0.830731
3.2985  0.830013
3.30175  0.829294
3.305  0.828575
3.30825  0.827855
3.3115  0.827134
3.31475  0.826412
3.318  0.82569
3.32125  0.824968
3.3245  0.824245
3.32775  0.823521
3.331  0.822796
3.33425  0.822071
3.3375  0.821346
3.34075  0.82062
3.344  0.819893
3.34725  0.819166
3.3505  0.818438
3.35375  0.81771
3.357  0.816982
3.36025  0.816252
3.3635  0.815523
3.36675  0.814793
3.37  0.814062
3.37325  0.813331
3.3765  0.8126
3.37975  0.811868
3.383  0.811136
3.38625  0.810404
3.3895  0.809671
3.39275  0.808937
3.396  0.808204
3.39925  0.80747
3.4025  0.806735
3.40575  0.806
3.409  0.805265
3.41225  0.80453
3.4155  0.803794
3.41875  0.803058
3.422  0.802322
3.42525  0.801586
3.4285  0.800849
3.43175  0.800112
3.435  0.799374
3.43825  0.798637
3.4415  0.797899
3.44475  0.797161
3.448  0.796423
3.45125  0.795684
3.4545  0.794946
3.45775  0.794207
3.461  0.793468
3.46425  0.792729
3.4675  0.791989
3.47075  0.79125
3.474  0.79051
3.47725  0.78977
3.4805  0.78903
3.48375  0.78829
3.487  0.78755
3.49025  0.78681
3.4935  0.786069
3.49675  0.785329
3.5  0.784588
3.50325  0.783848
3.5065  0.783107
3.50975  0.782366
3.513  0.781625
3.51625  0.780884
3.5195  0.780144
3.52275  0.779403
3.526  0.778662
3.52925  0.777921
3.5325  0.77718
3.53575  0.776439
3.539  0.775698
3.54225  0.774957
3.5455  0.774216
3.54875  0.773475
3.552  0.772734
3.55525  0.771993
3.5585  0.771252
3.56175  0.770511
3.565  0.769771
3.56825  0.76903
3.5715  0.768289
3.57475  0.767549
3.578  0.766808
3.58125  0.766068
3.5845  0.765328
3.58775  0.764588
3.591  0.763848
3.59425  0.763108
3.5975  0.762368
3.60075  0.761628
3.604  0.760889
3.60725  0.760149
3.6105  0.75941
3.61375  0.758671
3.617  0.757932
3.62025  0.757193
3.6235  0.756455
3.62675  0.755716
3.63  0.754978
3.63325  0.75424
3.6365  0.753502
3.63975  0.752764
3.643  0.752027
3.64625  0.751289
3.6495  0.750552
3.65275  0.749815
3.656  0.749079
3.65925  0.748342
3.6625  0.747606
3.66575  0.74687
3.669  0.746135
3.67225  0.745399
3.6755  0.744664
3.67875  0.743929
3.682  0.743194
3.68525  0.74246
3.6885  0.741726
3.69175  0.740992
3.695  0.740258
3.69825  0.739525
3.7015  0.738792
3.70475  0.738059
3.708  0.737326
3.71125  0.736594
3.7145  0.735862
3.71775  0.735131
3.721  0.7344
3.72425  0.733669
3.7275  0.732938
3.73075  0.732208
3.734  0.731478
3.73725  0.730749
3.7405  0.730019
3.74375  0.72929
3.747  0.728562
3.75025  0.727834
3.7535  0.727106
3.75675  0.726378
3.76  0.725651
3.76325  0.724925
3.7665  0.724198
3.76975  0.723472
3.773  0.722747
3.77625  0.722021
3.7795  0.721297
3.78275  0.720572
3.786  0.719848
3.78925  0.719124
3.7925  0.718401
3.79575  0.717678
3.799  0.716956
3.80225  0.716234
3.8055  0.715512
3.80875  0.714791
3.812  0.71407
3.81525  0.71335
3.8185  0.71263
3.82175  0.711911
3.825  0.711191
3.82825  0.710473
3.8315  0.709755
3.83475  0.709037
3.838  0.70832
3.84125  0.707603
3.8445  0.706887
3.84775  0.706171
3.851  0.705455
3.85425  0.70474
3.8575  0.704026
3.86075  0.703312
3.864  0.702598
3.86725  0.701885
3.8705  0.701172
3.87375  0.70046
3.877  0.699748
3.88025  0.699037
3.8835  0.698327
3.88675  0.697616
3.89  0.696907
3.89325  0.696198
3.8965  0.695489
3.89975  0.694781
3.903  0.694073
3.90625  0.693366
3.9095  0.692659
3.91275  0.691953
3.916  0.691247
3.91925  0.690542
3.9225  0.689837
3.92575  0.689133
3.929  0.68843
3.93225  0.687727
3.9355  0.687024
3.93875  0.686322
3.942  0.685621
3.94525  0.68492
3.9485  0.684219
3.95175  0.68352
3.955  0.68282
3.95825  0.682121
3.9615  0.681423
3.96475  0.680726
3.968  0.680028
3.97125  0.679332
3.9745  0.678636
3.97775  0.67794
3.981  0.677245
3.98425  0.676551
3.9875  0.675857
3.99075  0.675164
3.994  0.674471
3.99725  0.673779
4.0005  0.673088
4.00375  0.672397
4.007  0.671707
4.01025  0.671017
4.0135  0.670328
4.01675  0.669639
4.02  0.668951
4.02325  0.668263
4.0265  0.667576
4.02975  0.66689
4.033  0.666204
4.03625  0.665519
4.0395  0.664835
4.04275  0.664151
4.046  0.663467
4.04925  0.662785
4.0525  0.662102
4.05575  0.661421
4.059  0.66074
4.06225  0.660059
4.0655  0.65938
4.06875  0.658701
4.072  0.658022
4.07525  0.657344
4.0785  0.656667
4.08175  0.65599
4.085  0.655314
4.08825  0.654638
4.0915  0.653963
4.09475  0.653289
4.098  0.652615
4.10125  0.651942
4.1045  0.65127
4.10775  0.650598
4.111  0.649927
4.11425  0.649256
4.1175  0.648586
4.12075  0.647917
4.124  0.647248
4.12725  0.64658
4.1305  0.645913
4.13375  0.645246
4.137  0.64458
4.14025  0.643914
4.1435  0.643249
4.14675  0.642585
4.15  0.641921
4.15325  0.641258
4.1565  0.640596
4.15975  0.639934
4.163  0.639273
4.16625  0.638612
4.1695  0.637952
4.17275  0.637293
4.176  0.636635
4.17925  0.635977
4.1825  0.635319
4.18575  0.634663
4.189  0.634007
4.19225  0.633351
4.1955  0.632697
4.19875  0.632043
4.202  0.631389
4.20525  0.630736
4.2085  0.630084
4.21175  0.629433
4.215  0.628782
4.21825  0.628132
4.2215  0.627482
4.22475  0.626833
4.228  0.626185
4.23125  0.625538
4.2345  0.624891
4.23775  0.624244
4.241  0.623599
4.24425  0.622954
4.2475  0.62231
4.25075  0.621666
4.254  0.621023
4.25725  0.620381
4.2605  0.619739
4.26375  0.619098
4.267  0.618458
4.27025  0.617818
4.2735  0.617179
4.27675  0.616541
4.28  0.615903
4.28325  0.615266
4.2865  0.61463
4.28975  0.613994
4.293  0.613359
4.29625  0.612725
4.2995  0.612091
4.30275  0.611458
4.306  0.610826
4.30925  0.610194
4.3125  0.609563
4.31575  0.608933
4.319  0.608303
4.32225  0.607674
4.3255  0.607046
4.32875  0.606418
4.332  0.605791
4.33525  0.605165
4.3385  0.604539
4.34175  0.603914
4.345  0.60329
4.34825  0.602666
4.3515  0.602043
4.35475  0.601421
4.358  0.600799
4.36125  0.600179
4.3645  0.599558
4.36775  0.598939
4.371  0.59832
4.37425  0.597701
4.3775  0.597084
4.38075  0.596467
4.384  0.595851
4.38725  0.595235
4.3905  0.59462
4.39375  0.594006
4.397  0.593393
4.40025  0.59278
4.4035  0.592167
4.40675  0.591556
4.41  0.590945
4.41325  0.590335
4.4165  0.589725
4.41975  0.589117
4.423  0.588509
4.42625  0.587901
4.4295  0.587294
4.43275  0.586688
4.436  0.586083
4.43925  0.585478
4.4425  0.584874
4.44575  0.584271
4.449  0.583668
4.45225  0.583066
4.4555  0.582464
4.45875  0.581864
4.462  0.581264
4.46525  0.580664
4.4685  0.580066
4.47175  0.579468
4.475  0.57887
4.47825  0.578274
4.4815  0.577678
4.48475  0.577082
4.488  0.576488
4.49125  0.575894
4.4945  0.575301
4.49775  0.574708
4.501  0.574116
4.50425  0.573525
4.5075  0.572934
4.51075  0.572344
4.514  0.571755
4.51725  0.571167
4.5205  0.570579
4.52375  0.569992
4.527  0.569405
4.53025  0.568819
4.5335  0.568234
4.53675  0.56765
4.54  0.567066
4.54325  0.566483
4.5465  0.5659
4.54975  0.565318
4.553  0.564737
4.55625  0.564157
4.5595  0.563577
4.56275  0.562998
4.566  0.56242
4.56925  0.561842
4.5725  0.561265
4.57575  0.560688
4.579  0.560113
4.58225  0.559538
4.5855  0.558963
4.58875  0.558389
4.592  0.557816
4.59525  0.557244
4.5985  0.556672
4.60175  0.556101
4.605  0.555531
4.60825  0.554961
4.6115  0.554392
4.61475  0.553824
4.618  0.553256
4.62125  0.552689
4.6245  0.552123
4.62775  0.551557
4.631  0.550992
4.63425  0.550428
4.6375  0.549864
4.64075  0.549301
4.644  0.548739
4.64725  0.548177
4.6505  0.547616
4.65375  0.547056
4.657  0.546496
4.66025  0.545937
4.6635  0.545379
4.66675  0.544821
4.67  0.544264
4.67325  0.543708
4.6765  0.543152
4.67975  0.542597
4.683  0.542043
4.68625  0.541489
4.6895  0.540936
4.69275  0.540383
4.696  0.539832
4.69925  0.539281
4.7025  0.53873
4.70575  0.53818
4.709  0.537631
4.71225  0.537083
4.7155  0.536535
4.71875  0.535988
4.722  0.535442
4.72525  0.534896
4.7285  0.534351
4.73175  0.533806
4.735  0.533262
4.73825  0.532719
4.7415  0.532177
4.74475  0.531635
4.748  0.531094
4.75125  0.530553
4.7545  0.530013
4.75775  0.529474
4.761  0.528936
4.76425  0.528398
4.7675  0.52786
4.77075  0.527324
4.774  0.526788
4.77725  0.526252
4.7805  0.525718
4.78375  0.525184
4.787  0.52465
4.79025  0.524118
4.7935  0.523586
4.79675  0.523054
4.8  0.522523
4.80325  0.521993
4.8065  0.521464
4.80975  0.520935
4.813  0.520407
4.81625  0.519879
4.8195  0.519352
4.82275  0.518826
4.826  0.518301
4.82925  0.517776
4.8325  0.517251
4.83575  0.516728
4.839  0.516204
4.84225  0.515682
4.8455  0.51516
4.84875  0.514639
4.852  0.514119
4.85525  0.513599
4.8585  0.51308
4.86175  0.512561
4.865  0.512043
4.86825  0.511526
4.8715  0.511009
4.87475  0.510493
4.878  0.509978
4.88125  0.509463
4.8845  0.508949
4.88775  0.508436
4.891  0.507923
4.89425  0.50741
4.8975  0.506899
4.90075  0.506388
4.904  0.505878
4.90725  0.505368
4.9105  0.504859
4.91375  0.50435
4.917  0.503843
4.92025  0.503335
4.9235  0.502829
4.92675  0.502323
4.93  0.501818
4.93325  0.501313
4.9365  0.500809
4.93975  0.500306
4.943  0.499803
4.94625  0.499301
4.9495  0.498799
4.95275  0.498298
4.956  0.497798
4.95925  0.497298
4.9625  0.496799
4.96575  0.496301
4.969  0.495803
4.97225  0.495306
4.9755  0.494809
4.97875  0.494313
4.982  0.493818
4.98525  0.493323
4.9885  0.492829
4.99175  0.492336
4.995  0.491843
4.99825  0.49135
5.0015  0.490859
5.00475  0.490368
5.008  0.489877
5.01125  0.489387
5.0145  0.488898
5.01775  0.48841
5.021  0.487922
5.02425  0.487434
5.0275  0.486948
5.03075  0.486461
5.034  0.485976
5.03725  0.485491
5.0405  0.485007
5.04375  0.484523
5.047  0.48404
5.05025  0.483557
5.0535  0.483075
5.05675  0.482594
5.06  0.482113
5.06325  0.481633
5.0665  0.481154
5.06975  0.480675
5.073  0.480196
5.07625  0.479719
5.0795  0.479242
5.08275  0.478765
5.086  0.478289
5.08925  0.477814
5.0925  0.477339
5.09575  0.476865
5.099  0.476391
5.10225  0.475919
5.1055  0.475446
5.10875  0.474974
5.112  0.474503
5.11525  0.474033
5.1185  0.473563
5.12175  0.473093
5.125  0.472625
5.12825  0.472156
5.1315  0.471689
5.13475  0.471222
5.138  0.470755
5.14125  0.470289
5.1445  0.469824
5.14775  0.469359
5.151  0.468895
5.15425  0.468432
5.1575  0.467969
5.16075  0.467507
5.164  0.467045
5.16725  0.466584
5.1705  0.466123
5.17375  0.465663
5.177  0.465204
5.18025  0.464745
5.1835  0.464286
5.18675  0.463829
5.19  0.463372
5.19325  0.462915
5.1965  0.462459
5.19975  0.462004
5.203  0.461549
5.20625  0.461095
5.2095  0.460641
5.21275  0.460188
5.216  0.459735
5.21925  0.459283
5.2225  0.458832
5.22575  0.458381
5.229  0.457931
5.23225  0.457481
5.2355  0.457032
5.23875  0.456583
5.242  0.456135
5.24525  0.455688
5.2485  0.455241
5.25175  0.454795
5.255  0.454349
5.25825  0.453904
5.2615  0.453459
5.26475  0.453015
5.268  0.452572
5.27125  0.452129
5.2745  0.451687
5.27775  0.451245
5.281  0.450803
5.28425  0.450363
5.2875  0.449923
5.29075  0.449483
5.294  0.449044
5.29725  0.448606
5.3005  0.448168
5.30375  0.44773
5.307  0.447294
5.31025  0.446857
5.3135  0.446422
5.31675  0.445986
5.32  0.445552
5.32325  0.445118
5.3265  0.444684
5.32975  0.444251
5.333  0.443819
5.33625  0.443387
5.3395  0.442956
5.34275  0.442525
5.346  0.442095
5.34925  0.441665
5.3525  0.441236
5.35575  0.440807
5.359  0.440379
5.36225  0.439952
5.3655  0.439525
5.36875  0.439099
5.372  0.438673
5.37525  0.438247
5.3785  0.437822
5.38175  0.437398
5.385  0.436974
5.38825  0.436551
5.3915  0.436129
5.39475  0.435707
5.398  0.435285
5.40125  0.434864
5.4045  0.434443
5.40775  0.434023
5.411  0.433604
5.41425  0.433185
5.4175  0.432767
5.42075  0.432349
5.424  0.431931
5.42725  0.431515
5.4305  0.431098
5.43375  0.430683
5.437  0.430267
5.44025  0.429853
5.4435  0.429438
5.44675  0.429025
5.45  0.428612
5.45325  0.428199
5.4565  0.427787
5.45975  0.427375
5.463  0.426964
5.46625  0.426554
5.4695  0.426144
5.47275  0.425734
5.476  0.425325
5.47925  0.424917
5.4825  0.424509
5.48575  0.424102
5.489  0.423695
5.49225  0.423288
5.4955  0.422882
5.49875  0.422477
5.502  0.422072
5.50525  0.421668
5.5085  0.421264
5.51175  0.420861
5.515  0.420458
5.51825  0.420056
5.5215  0.419654
5.52475  0.419253
5.528  0.418852
5.53125  0.418452
5.5345  0.418052
5.53775  0.417653
5.541  0.417254
5.54425  0.416856
5.5475  0.416458
5.55075  0.416061
5.554  0.415664
5.55725  0.415268
5.5605  0.414872
5.56375  0.414477
5.567  0.414082
5.57025  0.413688
5.5735  0.413294
5.57675  0.412901
5.58  0.412508
5.58325  0.412116
5.5865  0.411724
5.58975  0.411333
5.593  0.410942
5.59625  0.410552
5.5995  0.410162
5.60275  0.409773
5.606  0.409384
5.60925  0.408996
5.6125  0.408608
5.61575  0.408221
5.619  0.407834
5.62225  0.407448
5.6255  0.407062
5.62875  0.406677
5.632  0.406292
5.63525  0.405907
5.6385  0.405523
5.64175  0.40514
5.645  0.404757
5.64825  0.404375
5.6515  0.403993
5.65475  0.403611
5.658  0.40323
5.66125  0.40285
5.6645  0.40247
5.66775  0.40209
5.671  0.401711
5.67425  0.401332
5.6775  0.400954
5.68075  0.400577
5.684  0.4002
5.68725  0.399823
5.6905  0.399447
5.69375  0.399071
5.697  0.398696
5.70025  0.398321
5.7035  0.397947
5.70675  0.397573
5.71  0.397199
5.71325  0.396826
5.7165  0.396454
5.71975  0.396082
5.723  0.39571
5.72625  0.395339
5.7295  0.394969
5.73275  0.394599
5.736  0.394229
5.73925  0.39386
5.7425  0.393491
5.74575  0.393123
5.749  0.392755
5.75225  0.392388
5.7555  0.392021
5.75875  0.391655
5.762  0.391289
5.76525  0.390923
5.7685  0.390558
5.77175  0.390194
5.775  0.38983
5.77825  0.389466
5.7815  0.389103
5.78475  0.38874
5.788  0.388378
5.79125  0.388016
5.7945  0.387655
5.79775  0.387294
5.801  0.386933
5.80425  0.386573
5.8075  0.386214
5.81075  0.385855
5.814  0.385496
5.81725  0.385138
5.8205  0.38478
5.82375  0.384423
5.827  0.384066
5.83025  0.38371
5.8335  0.383354
5.83675  0.382998
5.84  0.382643
5.84325  0.382289
5.8465  0.381934
5.84975  0.381581
5.853  0.381228
5.85625  0.380875
5.8595  0.380522
5.86275  0.38017
5.866  0.379819
5.86925  0.379468
5.8725  0.379117
5.87575  0.378767
5.879  0.378417
5.88225  0.378068
5.8855  0.377719
5.88875  0.377371
5.892  0.377023
5.89525  0.376675
5.8985  0.376328
5.90175  0.375981
5.905  0.375635
5.90825  0.375289
5.9115  0.374944
5.91475  0.374599
5.918  0.374254
5.92125  0.37391
5.9245  0.373567
5.92775  0.373223
5.931  0.37288
5.93425  0.372538
5.9375  0.372196
5.94075  0.371855
5.944  0.371513
5.94725  0.371173
5.9505  0.370833
5.95375  0.370493
5.957  0.370153
5.96025  0.369814
5.9635  0.369476
5.96675  0.369138
5.97  0.3688
5.97325  0.368463
5.9765  0.368126
5.97975  0.367789
5.983  0.367453
5.98625  0.367118
5.9895  0.366783
5.99275  0.366448
5.996  0.366113
5.99925  0.365779
6.0025  0.365446
6.00575  0.365113
6.009  0.36478
6.01225  0.364448
6.0155  0.364116
6.01875  0.363785
6.022  0.363454
6.02525  0.363123
6.0285  0.362793
6.03175  0.362463
6.035  0.362133
6.03825  0.361804
6.0415  0.361476
6.04475  0.361148
6.048  0.36082
6.05125  0.360493
6.0545  0.360166
6.05775  0.359839
6.061  0.359513
6.06425  0.359187
6.0675  0.358862
6.07075  0.358537
6.074  0.358212
6.07725  0.357888
6.0805  0.357565
6.08375  0.357241
6.087  0.356918
6.09025  0.356596
6.0935  0.356274
6.09675  0.355952
6.1  0.355631
6.10325  0.35531
6.1065  0.354989
6.10975  0.354669
6.113  0.354349
6.11625  0.35403
6.1195  0.353711
6.12275  0.353393
6.126  0.353075
6.12925  0.352757
6.1325  0.352439
6.13575  0.352122
6.139  0.351806
6.14225  0.35149
6.1455  0.351174
6.14875  0.350858
6.152  0.350543
6.15525  0.350229
6.1585  0.349915
6.16175  0.349601
6.165  0.349287
6.16825  0.348974
6.1715  0.348662
6.17475  0.348349
6.178  0.348037
6.18125  0.347726
6.1845  0.347415
6.18775  0.347104
6.191  0.346793
6.19425  0.346483
6.1975  0.346174
6.20075  0.345865
6.204  0.345556
6.20725  0.345247
6.2105  0.344939
6.21375  0.344631
6.217  0.344324
6.22025  0.344017
6.2235  0.343711
6.22675  0.343404
6.23  0.343099
6.23325  0.342793
6.2365  0.342488
6.23975  0.342183
6.243  0.341879
6.24625  0.341575
6.2495  0.341271
6.25275  0.340968
6.256  0.340665
6.25925  0.340363
6.2625  0.340061
6.26575  0.339759
6.269  0.339458
6.27225  0.339157
6.2755  0.338856
6.27875  0.338556
6.282  0.338256
6.28525  0.337957
6.2885  0.337657
6.29175  0.337359
6.295  0.33706
6.29825  0.336762
6.3015  0.336465
6.30475  0.336167
6.308  0.33587
6.31125  0.335574
6.3145  0.335277
6.31775  0.334982
6.321  0.334686
6.32425  0.334391
6.3275  0.334096
6.33075  0.333802
6.334  0.333508
6.33725  0.333214
6.3405  0.332921
6.34375  0.332628
6.347  0.332335
6.35025  0.332043
6.3535  0.331751
6.35675  0.331459
6.36  0.331168
6.36325  0.330877
6.3665  0.330587
6.36975  0.330297
6.373  0.330007
6.37625  0.329717
6.3795  0.329428
6.38275  0.32914
6.386  0.328851
6.38925  0.328563
6.3925  0.328276
6.39575  0.327988
6.399  0.327701
6.40225  0.327415
6.4055  0.327128
6.40875  0.326842
6.412  0.326557
6.41525  0.326272
6.4185  0.325987
6.42175  0.325702
6.425  0.325418
6.42825  0.325134
6.4315  0.324851
6.43475  0.324567
6.438  0.324285
6.44125  0.324002
6.4445  0.32372
6.44775  0.323438
6.451  0.323157
6.45425  0.322876
6.4575  0.322595
6.46075  0.322314
6.464  0.322034
6.46725  0.321755
6.4705  0.321475
6.47375  0.321196
6.477  0.320917
6.48025  0.320639
6.4835  0.320361
6.48675  0.320083
6.49  0.319806
6.49325  0.319529
6.4965  0.319252
6.49975  0.318976
6.503  0.3187
6.50625  0.318424
6.5095  0.318149
6.51275  0.317874
6.516  0.317599
6.51925  0.317324
6.5225  0.31705
6.52575  0.316777
6.529  0.316503
6.53225  0.31623
6.5355  0.315957
6.53875  0.315685
6.542  0.315413
6.54525  0.315141
6.5485  0.31487
6.55175  0.314599
6.555  0.314328
6.55825  0.314057
6.5615  0.313787
6.56475  0.313517
6.568  0.313248
6.57125  0.312979
6.5745  0.31271
6.57775  0.312442
6.581  0.312173
6.58425  0.311905
6.5875  0.311638
6.59075  0.311371
6.594  0.311104
6.59725  0.310837
6.6005  0.310571
6.60375  0.310305
6.607  0.310039
6.61025  0.309774
6.6135  0.309509
6.61675  0.309244
6.62  0.30898
6.62325  0.308716
6.6265  0.308452
6.62975  0.308189
6.633  0.307926
6.63625  0.307663
6.6395  0.307401
6.64275  0.307139
6.646  0.306877
6.64925  0.306615
6.6525  0.306354
6.65575  0.306093
6.659  0.305832
6.66225  0.305572
6.6655  0.305312
6.66875  0.305053
6.672  0.304793
6.67525  0.304534
6.6785  0.304276
6.68175  0.304017
6.685  0.303759
6.68825  0.303501
6.6915  0.303244
6.69475  0.302987
6.698  0.30273
6.70125  0.302473
6.7045  0.302217
6.70775  0.301961
6.711  0.301705
6.71425  0.30145
6.7175  0.301195
6.72075  0.30094
6.724  0.300686
6.72725  0.300431
6.7305  0.300178
6.73375  0.299924
6.737  0.299671
6.74025  0.299418
6.7435  0.299165
6.74675  0.298913
6.75  0.298661
6.75325  0.298409
6.7565  0.298158
6.75975  0.297907
6.763  0.297656
6.76625  0.297405
6.7695  0.297155
6.77275  0.296905
6.776  0.296655
6.77925  0.296406
6.7825  0.296157
6.78575  0.295908
6.789  0.29566
6.79225  0.295411
6.7955  0.295164
6.79875  0.294916
6.802  0.294669
6.80525  0.294422
6.8085  0.294175
6.81175  0.293928
6.815  0.293682
6.81825  0.293436
6.8215  0.293191
6.82475  0.292946
6.828  0.292701
6.83125  0.292456
6.8345  0.292212
6.83775  0.291967
6.841  0.291724
6.84425  0.29148
6.8475  0.291237
6.85075  0.290994
6.854  0.290751
6.85725  0.290509
6.8605  0.290267
6.86375  0.290025
6.867  0.289783
6.87025  0.289542
6.8735  0.289301
6.87675  0.28906
6.88  0.28882
6.88325  0.28858
6.8865  0.28834
6.88975  0.2881
6.893  0.287861
6.89625  0.287622
6.8995  0.287383
6.90275  0.287145
6.906  0.286907
6.90925  0.286669
6.9125  0.286431
6.91575  0.286194
6.919  0.285957
6.92225  0.28572
6.9255  0.285484
6.92875  0.285247
6.932  0.285011
6.93525  0.284776
6.9385  0.28454
6.94175  0.284305
6.945  0.28407
6.94825  0.283836
6.9515  0.283601
6.95475  0.283367
6.958  0.283134
6.96125  0.2829
6.9645  0.282667
6.96775  0.282434
6.971  0.282201
6.97425  0.281969
6.9775  0.281737
6.98075  0.281505
6.984  0.281273
6.98725  0.281042
6.9905  0.280811
6.99375  0.28058
6.997  0.28035
7.00025  0.28012
7.0035  0.27989
7.00675  0.27966
7.01  0.27943
7.01325  0.279201
7.0165  0.278972
7.01975  0.278744
7.023  0.278515
7.02625  0.278287
7.0295  0.278059
7.03275  0.277832
7.036  0.277604
7.03925  0.277377
7.0425  0.277151
7.04575  0.276924
7.049  0.276698
7.05225  0.276472
7.0555  0.276246
7.05875  0.276021
7.062  0.275795
7.06525  0.27557
7.0685  0.275346
7.07175  0.275121
7.075  0.274897
7.07825  0.274673
7.0815  0.27445
7.08475  0.274226
7.088  0.274003
7.09125  0.27378
7.0945  0.273557
7.09775  0.273335
7.101  0.273113
7.10425  0.272891
7.1075  0.27267
7.11075  0.272448
7.114  0.272227
7.11725  0.272006
7.1205  0.271786
7.12375  0.271565
7.127  0.271345
7.13025  0.271125
7.1335  0.270906
7.13675  0.270687
7.14  0.270467
7.14325  0.270249
7.1465  0.27003
7.14975  0.269812
7.153  0.269594
7.15625  0.269376
7.1595  0.269158
7.16275  0.268941
7.166  0.268724
7.16925  0.268507
7.1725  0.268291
7.17575  0.268074
7.179  0.267858
7.18225  0.267642
7.1855  0.267427
7.18875  0.267211
7.192  0.266996
7.19525  0.266782
7.1985  0.266567
7.20175  0.266353
7.205  0.266139
7.20825  0.265925
7.2115  0.265711
7.21475  0.265498
7.218  0.265285
7.22125  0.265072
7.2245  0.264859
7.22775  0.264647
7.231  0.264434
7.23425  0.264223
7.2375  0.264011
7.24075  0.263799
7.244  0.263588
7.24725  0.263377
7.2505  0.263167
7.25375  0.262956
7.257  0.262746
7.26025  0.262536
7.2635  0.262326
7.26675  0.262117
7.27  0.261907
7.27325  0.261698
7.2765  0.26149
7.27975  0.261281
7.283  0.261073
7.28625  0.260865
7.2895  0.260657
7.29275  0.260449
7.296  0.260242
7.29925  0.260035
7.3025  0.259828
7.30575  0.259621
7.309  0.259415
7.31225  0.259208
7.3155  0.259002
7.31875  0.258797
7.322  0.258591
7.32525  0.258386
7.3285  0.258181
7.33175  0.257976
7.335  0.257772
7.33825  0.257567
7.3415  0.257363
7.34475  0.257159
7.348  0.256956
7.35125  0.256752
7.3545  0.256549
7.35775  0.256346
7.361  0.256143
7.36425  0.255941
7.3675  0.255738
7.37075  0.255536
7.374  0.255335
7.37725  0.255133
7.3805  0.254932
7.38375  0.254731
7.387  0.25453
7.39025  0.254329
7.3935  0.254128
7.39675  0.253928
7.4  0.253728
7.40325  0.253528
7.4065  0.253329
7.40975  0.25313
7.413  0.25293
7.41625  0.252732
7.4195  0.252533
7.42275  0.252334
7.426  0.252136
7.42925  0.251938
7.4325  0.25174
7.43575  0.251543
7.439  0.251346
7.44225  0.251148
7.4455  0.250952
7.44875  0.250755
7.452  0.250558
7.45525  0.250362
7.4585  0.250166
7.46175  0.24997
7.465  0.249775
7.46825  0.249579
7.4715  0.249384
7.47475  0.249189
7.478  0.248995
7.48125  0.2488
7.4845  0.248606
7.48775  0.248412
7.491  0.248218
7.49425  0.248024
7.4975  0.247831
7.50075  0.247638
7.504  0.247445
7.50725  0.247252
7.5105  0.24706
7.51375  0.246867
7.517  0.246675
7.52025  0.246483
7.5235  0.246292
7.52675  0.2461
7.53  0.245909
7.53325  0.245718
7.5365  0.245527
7.53975  0.245336
7.543  0.245146
7.54625  0.244956
7.5495  0.244766
7.55275  0.244576
7.556  0.244386
7.55925  0.244197
7.5625  0.244008
7.56575  0.243819
7.569  0.24363
7.57225  0.243442
7.5755  0.243253
7.57875  0.243065
7.582  0.242878
7.58525  0.24269
7.5885  0.242502
7.59175  0.242315
7.595  0.242128
7.59825  0.241941
7.6015  0.241755
7.60475  0.241568
7.608  0.241382
7.61125  0.241196
7.6145  0.24101
7.61775  0.240824
7.621  0.240639
7.62425  0.240454
7.6275  0.240269
7.63075  0.240084
7.634  0.239899
7.63725  0.239715
7.6405  0.239531
7.64375  0.239347
7.647  0.239163
7.65025  0.238979
7.6535  0.238796
7.65675  0.238613
7.66  0.23843
7.66325  0.238247
7.6665  0.238065
7.66975  0.237882
7.673  0.2377
7.67625  0.237518
7.6795  0.237336
7.68275  0.237155
7.686  0.236973
7.68925  0.236792
7.6925  0.236611
7.69575  0.23643
7.699  0.23625
7.70225  0.236069
7.7055  0.235889
7.70875  0.235709
7.712  0.23553
7.71525  0.23535
7.7185  0.235171
7.72175  0.234991
7.725  0.234812
7.72825  0.234634
7.7315  0.234455
7.73475  0.234276
7.738  0.234098
7.74125  0.23392
7.7445  0.233742
7.74775  0.233565
7.751  0.233387
7.75425  0.23321
7.7575  0.233033
7.76075  0.232856
7.764  0.232679
7.76725  0.232503
7.7705  0.232327
7.77375  0.232151
7.777  0.231975
7.78025  0.231799
7.7835  0.231623
7.78675  0.231448
7.79  0.231273
7.79325  0.231098
7.7965  0.230923
7.79975  0.230749
7.803  0.230574
7.80625  0.2304
7.8095  0.230226
7.81275  0.230052
7.816  0.229879
7.81925  0.229705
7.8225  0.229532
7.82575  0.229359
7.829  0.229186
7.83225  0.229013
7.8355  0.228841
7.83875  0.228669
7.842  0.228497
7.84525  0.228325
7.8485  0.228153
7.85175  0.227981
7.855  0.22781
7.85825  0.227639
7.8615  0.227468
7.86475  0.227297
7.868  0.227126
7.87125  0.226956
7.8745  0.226786
7.87775  0.226615
7.881  0.226446
7.88425  0.226276
7.8875  0.226106
7.89075  0.225937
7.894  0.225768
7.89725  0.225599
7.9005  0.22543
7.90375  0.225261
7.907  0.225093
7.91025  0.224925
7.9135  0.224757
7.91675  0.224589
7.92  0.224421
7.92325  0.224253
7.9265  0.224086
7.92975  0.223919
7.933  0.223752
7.93625  0.223585
7.9395  0.223418
7.94275  0.223252
7.946  0.223086
7.94925  0.22292
7.9525  0.222754
7.95575  0.222588
7.959  0.222422
7.96225  0.222257
7.9655  0.222092
7.96875  0.221927
7.972  0.221762
7.97525  0.221597
7.9785  0.221433
7.98175  0.221268
7.985  0.221104
7.98825  0.22094
7.9915  0.220776
7.99475  0.220613
7.998  0.220449
8.00125  0.220286
8.0045  0.220123
8.00775  0.21996
8.011  0.219797
8.01425  0.219634
8.0175  0.219472
8.02075  0.21931
8.024  0.219148
8.02725  0.218986
8.0305  0.218824
8.03375  0.218663
8.037  0.218501
8.04025  0.21834
8.0435  0.218179
8.04675  0.218018
8.05  0.217857
8.05325  0.217697
8.0565  0.217537
8.05975  0.217376
8.063  0.217216
8.06625  0.217056
8.0695  0.216897
8.07275  0.216737
8.076  0.216578
8.07925  0.216419
8.0825  0.21626
8.08575  0.216101
8.089  0.215942
8.09225  0.215784
8.0955  0.215625
8.09875  0.215467
8.102  0.215309
8.10525  0.215152
8.1085  0.214994
8.11175  0.214836
8.115  0.214679
8.11825  0.214522
8.1215  0.214365
8.12475  0.214208
8.128  0.214051
8.13125  0.213895
8.1345  0.213739
8.13775  0.213582
8.141  0.213426
8.14425  0.213271
8.1475  0.213115
8.15075  0.212959
8.154  0.212804
8.15725  0.212649
8.1605  0.212494
8.16375  0.212339
8.167  0.212184
8.17025  0.21203
8.1735  0.211875
8.17675  0.211721
8.18  0.211567
8.18325  0.211413
8.1865  0.21126
8.18975  0.211106
8.193  0.210953
8.19625  0.210799
8.1995  0.210646
8.20275  0.210493
8.206  0.210341
8.20925  0.210188
8.2125  0.210036
8.21575  0.209883
8.219  0.209731
8.22225  0.209579
8.2255  0.209428
8.22875  0.209276
8.232  0.209124
8.23525  0.208973
8.2385  0.208822
8.24175  0.208671
8.245  0.20852
8.24825  0.208369
8.2515  0.208219
8.25475  0.208069
8.258  0.207918
8.26125  0.207768
8.2645  0.207618
8.26775  0.207469
8.271  0.207319
8.27425  0.20717
8.2775  0.20702
8.28075  0.206871
8.284  0.206722
8.28725  0.206574
8.2905  0.206425
8.29375  0.206276
8.297  0.206128
8.30025  0.20598
8.3035  0.205832
8.30675  0.205684
8.31  0.205536
8.31325  0.205389
8.3165  0.205241
8.31975  0.205094
8.323  0.204947
8.32625  0.2048
8.3295  0.204653
8.33275  0.204506
8.336  0.20436
8.33925  0.204214
8.3425  0.204067
8.34575  0.203921
8.349  0.203775
8.35225  0.20363
8.3555  0.203484
8.35875  0.203339
8.362  0.203193
8.36525  0.203048
8.3685  0.202903
8.37175  0.202758
8.375  0.202614
8.37825  0.202469
8.3815  0.202325
8.38475  0.20218
8.388  0.202036
8.39125  0.201892
8.3945  0.201749
8.39775  0.201605
8.401  0.201461
8.40425  0.201318
8.4075  0.201175
8.41075  0.201032
8.414  0.200889
8.41725  0.200746
8.4205  0.200603
8.42375  0.200461
8.427  0.200319
8.43025  0.200176
8.4335  0.200034
8.43675  0.199893
8.44  0.199751
8.44325  0.199609
8.4465  0.199468
8.44975  0.199326
8.453  0.199185
8.45625  0.199044
8.4595  0.198903
8.46275  0.198763
8.466  0.198622
8.46925  0.198482
8.4725  0.198341
8.47575  0.198201
8.479  0.198061
8.48225  0.197921
8.4855  0.197782
8.48875  0.197642
8.492  0.197503
8.49525  0.197363
8.4985  0.197224
8.50175  0.197085
8.505  0.196946
8.50825  0.196808
8.5115  0.196669
8.51475  0.196531
8.518  0.196392
8.52125  0.196254
8.5245  0.196116
8.52775  0.195978
8.531  0.19584
8.53425  0.195703
8.5375  0.195565
8.54075  0.195428
8.544  0.195291
8.54725  0.195154
8.5505  0.195017
8.55375  0.19488
8.557  0.194744
8.56025  0.194607
8.5635  0.194471
8.56675  0.194335
8.57  0.194199
8.57325  0.194063
8.5765  0.193927
8.57975  0.193791
8.583  0.193656
8.58625  0.19352
8.5895  0.193385
8.59275  0.19325
8.596  0.193115
8.59925  0.19298
8.6025  0.192845
8.60575  0.192711
8.609  0.192576
8.61225  0.192442
8.6155  0.192308
8.61875  0.192174
8.622  0.19204
8.62525  0.191906
8.6285  0.191773
8.63175  0.191639
8.635  0.191506
8.63825  0.191373
8.6415  0.19124
8.64475  0.191107
8.648  0.190974
8.65125  0.190841
8.6545  0.190709
8.65775  0.190576
8.661  0.190444
8.66425  0.190312
8.6675  0.19018
8.67075  0.190048
8.674  0.189916
8.67725  0.189785
8.6805  0.189653
8.68375  0.189522
8.687  0.189391
8.69025  0.18926
8.6935  0.189129
8.69675  0.188998
8.7  0.188867
8.70325  0.188737
8.7065  0.188606
8.70975  0.188476
8.713  0.188346
8.71625  0.188216
8.7195  0.188086
8.72275  0.187956
8.726  0.187827
8.72925  0.187697
8.7325  0.187568
8.73575  0.187439
8.739  0.18731
8.74225  0.187181
8.7455  0.187052
8.74875  0.186923
8.752  0.186794
8.75525  0.186666
8.7585  0.186538
8.76175  0.186409
8.765  0.186281
8.76825  0.186153
8.7715  0.186025
8.77475  0.185898
8.778  0.18577
8.78125  0.185643
8.7845  0.185515
8.78775  0.185388
8.791  0.185261
8.79425  0.185134
8.7975  0.185007
8.80075  0.184881
8.804  0.184754
8.80725  0.184628
8.8105  0.184502
8.81375  0.184375
8.817  0.184249
8.82025  0.184123
8.8235  0.183998
8.82675  0.183872
8.83  0.183746
8.83325  0.183621
8.8365  0.183496
8.83975  0.18337
8.843  0.183245
8.84625  0.18312
8.8495  0.182996
8.85275  0.182871
8.856  0.182746
8.85925  0.182622
8.8625  0.182498
8.86575  0.182373
8.869  0.182249
8.87225  0.182125
8.8755  0.182002
8.87875  0.181878
8.882  0.181754
8.88525  0.181631
8.8885  0.181508
8.89175  0.181384
8.895  0.181261
8.89825  0.181138
8.9015  0.181015
8.90475  0.180893
8.908  0.18077
8.91125  0.180648
8.9145  0.180525
8.91775  0.180403
8.921  0.180281
8.92425  0.180159
8.9275  0.180037
8.93075  0.179915
8.934  0.179794
8.93725  0.179672
8.9405  0.179551
8.94375  0.179429
8.947  0.179308
8.95025  0.179187
8.9535  0.179066
8.95675  0.178945
8.96  0.178825
8.96325  0.178704
8.9665  0.178584
8.96975  0.178463
8.973  0.178343
8.97625  0.178223
8.9795  0.178103
8.98275  0.177983
8.986  0.177864
8.98925  0.177744
8.9925  0.177624
8.99575  0.177505
8.999  0.177386
9.00225  0.177267
9.0055  0.177148
9.00875  0.177029
9.012  0.17691
9.01525  0.176791
9.0185  0.176673
9.02175  0.176554
9.025  0.176436
9.02825  0.176318
9.0315  0.176199
9.03475  0.176081
9.038  0.175964
9.04125  0.175846
9.0445  0.175728
9.04775  0.175611
9.051  0.175493
9.05425  0.175376
9.0575  0.175259
9.06075  0.175142
9.064  0.175025
9.06725  0.174908
9.0705  0.174791
9.07375  0.174674
9.077  0.174558
9.08025  0.174441
9.0835  0.174325
9.08675  0.174209
9.09  0.174093
9.09325  0.173977
9.0965  0.173861
9.09975  0.173745
9.103  0.17363
9.10625  0.173514
9.1095  0.173399
9.11275  0.173284
9.116  0.173168
9.11925  0.173053
9.1225  0.172939
9.12575  0.172824
9.129  0.172709
9.13225  0.172594
9.1355  0.17248
9.13875  0.172365
9.142  0.172251
9.14525  0.172137
9.1485  0.172023
9.15175  0.171909
9.155  0.171795
9.15825  0.171681
9.1615  0.171568
9.16475  0.171454
9.168  0.171341
9.17125  0.171228
9.1745  0.171115
9.17775  0.171001
9.181  0.170888
9.18425  0.170776
9.1875  0.170663
9.19075  0.17055
9.194  0.170438
9.19725  0.170325
9.2005  0.170213
9.20375  0.170101
9.207  0.169989
9.21025  0.169877
9.2135  0.169765
9.21675  0.169653
9.22  0.169541
9.22325  0.16943
9.2265  0.169318
9.22975  0.169207
9.233  0.169096
9.23625  0.168985
9.2395  0.168874
9.24275  0.168763
9.246  0.168652
9.24925  0.168541
9.2525  0.168431
9.25575  0.16832
9.259  0.16821
9.26225  0.1681
9.2655  0.167989
9.26875  0.167879
9.272  0.167769
9.27525  0.16766
9.2785  0.16755
9.28175  0.16744
9.285  0.167331
9.28825  0.167221
9.2915  0.167112
9.29475  0.167003
9.298  0.166893
9.30125  0.166784
9.3045  0.166676
9.30775  0.166567
9.311  0.166458
9.31425  0.166349
9.3175  0.166241
9.32075  0.166132
9.324  0.166024
9.32725  0.165916
9.3305  0.165808
9.33375  0.1657
9.337  0.165592
9.34025  0.165484
9.3435  0.165377
9.34675  0.165269
9.35  0.165162
9.35325  0.165054
9.3565  0.164947
9.35975  0.16484
9.363  0.164733
9.36625  0.164626
9.3695  0.164519
9.37275  0.164412
9.376  0.164305
9.37925  0.164199
9.3825  0.164092
9.38575  0.163986
9.389  0.16388
9.39225  0.163774
9.3955  0.163668
9.39875  0.163562
9.402  0.163456
9.40525  0.16335
9.4085  0.163244
9.41175  0.163139
9.415  0.163033
9.41825  0.162928
9.4215  0.162823
9.42475  0.162718
9.428  0.162613
9.43125  0.162508
9.4345  0.162403
9.43775  0.162298
9.441  0.162193
9.44425  0.162089
9.4475  0.161984
9.45075  0.16188
9.454  0.161776
9.45725  0.161671
9.4605  0.161567
9.46375  0.161463
9.467  0.16136
9.47025  0.161256
9.4735  0.161152
9.47675  0.161048
9.48  0.160945
9.48325  0.160842
9.4865  0.160738
9.48975  0.160635
9.493  0.160532
9.49625  0.160429
9.4995  0.160326
9.50275  0.160223
9.506  0.160121
9.50925  0.160018
9.5125  0.159915
9.51575  0.159813
9.519  0.159711
9.52225  0.159608
9.5255  0.159506
9.52875  0.159404
9.532  0.159302
9.53525  0.159201
9.5385  0.159099
9.54175  0.158997
9.545  0.158896
9.54825  0.158794
9.5515  0.158693
9.55475  0.158591
9.558  0.15849
9.56125  0.158389
9.5645  0.158288
9.56775  0.158187
9.571  0.158086
9.57425  0.157986
9.5775  0.157885
9.58075  0.157785
9.584  0.157684
9.58725  0.157584
9.5905  0.157484
9.59375  0.157383
9.597  0.157283
9.60025  0.157183
9.6035  0.157083
9.60675  0.156984
9.61  0.156884
9.61325  0.156784
9.6165  0.156685
9.61975  0.156586
9.623  0.156486
9.62625  0.156387
9.6295  0.156288
9.63275  0.156189
9.636  0.15609
9.63925  0.155991
9.6425  0.155892
9.64575  0.155794
9.649  0.155695
9.65225  0.155596
9.6555  0.155498
9.65875  0.1554
9.662  0.155302
9.66525  0.155203
9.6685  0.155105
9.67175  0.155007
9.675  0.15491
9.67825  0.154812
9.6815  0.154714
9.68475  0.154617
9.688  0.154519
9.69125  0.154422
9.6945  0.154324
9.69775  0.154227
9.701  0.15413
9.70425  0.154033
9.7075  0.153936
9.71075  0.153839
9.714  0.153742
9.71725  0.153646
9.7205  0.153549
9.72375  0.153452
9.727  0.153356
9.73025  0.15326
9.7335  0.153163
9.73675  0.153067
9.74  0.152971
9.74325  0.152875
9.7465  0.152779
9.74975  0.152684
9.753  0.152588
9.75625  0.152492
9.7595  0.152397
9.76275  0.152301
9.766  0.152206
9.76925  0.152111
9.7725  0.152015
9.77575  0.15192
9.779  0.151825
9.78225  0.15173
9.7855  0.151635
9.78875  0.151541
9.792  0.151446
9.79525  0.151351
9.7985  0.151257
9.80175  0.151163
9.805  0.151068
9.80825  0.150974
9.8115  0.15088
9.81475  0.150786
9.818  0.150692
9.82125  0.150598
9.8245  0.150504
9.82775  0.15041
9.831  0.150317
9.83425  0.150223
9.8375  0.15013
9.84075  0.150036
9.844  0.149943
9.84725  0.14985
9.8505  0.149757
9.85375  0.149664
9.857  0.149571
9.86025  0.149478
9.8635  0.149385
9.86675  0.149292
9.87  0.1492
9.87325  0.149107
9.8765  0.149015
9.87975  0.148922
9.883  0.14883
9.88625  0.148738
9.8895  0.148646
9.89275  0.148554
9.896  0.148462
9.89925  0.14837
9.9025  0.148278
9.90575  0.148186
9.909  0.148095
9.91225  0.148003
9.9155  0.147912
9.91875  0.147821
9.922  0.147729
9.92525  0.147638
9.9285  0.147547
9.93175  0.147456
9.935  0.147365
9.93825  0.147274
9.9415  0.147183
9.94475  0.147093
9.948  0.147002
9.95125  0.146911
9.9545  0.146821
9.95775  0.146731
9.961  0.14664
9.96425  0.14655
9.9675  0.14646
9.97075  0.14637
9.974  0.14628
9.97725  0.14619
9.9805  0.1461
9.98375  0.14601
9.987  0.145921
9.99025  0.145831
9.9935  0.145742
9.99675  0.145652
