0.25  0.0858994
0.25325  0.0704487
0.2565  0.0681425
0.25975  0.0778603
0.263  0.0968145
0.26625  0.121253
0.2695  0.147156
0.27275  0.170828
0.276  0.189322
0.27925  0.200684
0.2825  0.204021
0.28575  0.199429
0.289  0.187831
0.29225  0.170744
0.2955  0.150037
0.29875  0.127698
0.302  0.105633
0.30525  0.0855106
0.3085  0.0686551
0.31175  0.0559927
0.315  0.0480362
0.31825  0.0449073
0.3215  0.0463842
0.32475  0.0519659
0.328  0.0609458
0.33125  0.0724852
0.3345  0.0856843
0.33775  0.0996439
0.341  0.113517
0.34425  0.126549
0.3475  0.138105
0.35075  0.147687
0.354  0.154941
0.35725  0.159656
0.3605  0.161752
0.36375  0.16127
0.367  0.158353
0.37025  0.153229
0.3735  0.146188
0.37675  0.137567
0.38  0.127726
0.38325  0.117037
0.3865  0.105866
0.38975  0.094564
0.393  0.0834527
0.39625  0.0728213
0.3995  0.0629195
0.40275  0.053955
0.406  0.0460916
0.40925  0.0394502
0.4125  0.0341096
0.41575  0.0301098
0.419  0.0274546
0.42225  0.026116
0.4255  0.0260383
0.42875  0.0271422
0.432  0.0293295
0.43525  0.0324875
0.4385  0.0364925
0.44175  0.0412142
0.445  0.0465188
0.44825  0.0522724
0.4515  0.0583432
0.45475  0.0646044
0.458  0.0709356
0.46125  0.0772247
0.4645  0.0833687
0.46775  0.0892752
0.471  0.0948622
0.47425  0.100059
0.4775  0.104805
0.48075  0.109053
0.484  0.112764
0.48725  0.11591
0.4905  0.118473
0.49375  0.120443
0.497  0.121819
0.50025  0.122608
0.5035  0.122824
0.50675  0.122484
0.51  0.121613
0.51325  0.12024
0.5165  0.118396
0.51975  0.116118
0.523  0.113441
0.52625  0.110405
0.5295  0.107051
0.53275  0.103417
0.536  0.0995454
0.53925  0.0954756
0.5425  0.0912472
0.54575  0.0868983
0.549  0.0824658
0.55225  0.0779851
0.5555  0.0734897
0.55875  0.0690111
0.562  0.0645789
0.56525  0.0602203
0.5685  0.0559604
0.57175  0.0518223
0.575  0.0478263
0.57825  0.0439911
0.5815  0.0403327
0.58475  0.0368651
0.588  0.0336004
0.59125  0.0305485
0.5945  0.0277173
0.59775  0.0251131
0.601  0.0227403
0.60425  0.0206016
0.6075  0.0186985
0.61075  0.0170306
0.614  0.0155967
0.61725  0.0143941
0.6205  0.0134189
0.62375  0.0126666
0.627  0.0121313
0.63025  0.0118069
0.6335  0.011686
0.63675  0.0117611
0.64  0.0120239
0.64325  0.0124657
0.6465  0.0130776
0.64975  0.0138501
0.653  0.0147738
0.65625  0.015839
0.6595  0.017036
0.66275  0.0183549
0.666  0.019786
0.66925  0.0213196
0.6725  0.0229459
0.67575  0.0246556
0.679  0.0264393
0.68225  0.0282878
0.6855  0.0301924
0.68875  0.0321444
0.692  0.0341353
0.69525  0.0361571
0.6985  0.0382021
0.70175  0.0402627
0.705  0.0423319
0.70825  0.0444028
0.7115  0.0464689
0.71475  0.0485241
0.718  0.0505626
0.72125  0.0525789
0.7245  0.0545678
0.72775  0.0565247
0.731  0.058445
0.73425  0.0603245
0.7375  0.0621594
0.74075  0.0639463
0.744  0.0656819
0.74725  0.0673632
0.7505  0.0689877
0.75375  0.0705529
0.757  0.0720568
0.76025  0.0734975
0.7635  0.0748735
0.76675  0.0761834
0.77  0.077426
0.77325  0.0786004
0.7765  0.079706
0.77975  0.0807422
0.783  0.0817088
0.78625  0.0826054
0.7895  0.0834322
0.79275  0.0841894
0.796  0.0848772
0.79925  0.0854961
0.8025  0.0860467
0.80575  0.0865298
0.809  0.086946
0.81225  0.0872963
0.8155  0.0875818
0.81875  0.0878035
0.822  0.0879625
0.82525  0.0880603
0.8285  0.088098
0.83175  0.088077
0.835  0.0879988
0.83825  0.0878649
0.8415  0.0876766
0.84475  0.0874357
0.848  0.0871436
0.85125  0.0868019
0.8545  0.0864123
0.85775  0.0859765
0.861  0.085496
0.86425  0.0849725
0.8675  0.0844077
0.87075  0.0838032
0.874  0.0831607
0.87725  0.0824818
0.8805  0.0817682
0.88375  0.0810216
0.887  0.0802434
0.89025  0.0794354
0.8935  0.0785991
0.89675  0.0777361
0.9  0.0768479
0.90325  0.0759361
0.9065  0.0750021
0.90975  0.0740474
0.913  0.0730734
0.91625  0.0720817
0.9195  0.0710734
0.92275  0.0700501
0.926  0.069013
0.92925  0.0679634
0.9325  0.0669026
0.93575  0.0658318
0.939  0.0647523
0.94225  0.0636651
0.9455  0.0625714
0.94875  0.0614724
0.952  0.060369
0.95525  0.0592624
0.9585  0.0581534
0.96175  0.0570432
0.965  0.0559326
0.96825  0.0548225
0.9715  0.0537138
0.97475  0.0526074
0.978  0.051504
0.98125  0.0504045
0.9845  0.0493095
0.98775  0.0482199
0.991  0.0471362
0.99425  0.0460592
0.9975  0.0449894
1.00075  0.0439276
1.004  0.0428742
1.00725  0.0418298
1.0105  0.040795
1.01375  0.0397701
1.017  0.0387558
1.02025  0.0377524
1.0235  0.0367604
1.02675  0.0357801
1.03  0.034812
1.03325  0.0338564
1.0365  0.0329135
1.03975  0.0319839
1.043  0.0310676
1.04625  0.030165
1.0495  0.0292764
1.05275  0.0284019
1.056  0.0275418
1.05925  0.0266963
1.0625  0.0258655
1.06575  0.0250496
1.069  0.0242488
1.07225  0.0234631
1.0755  0.0226927
1.07875  0.0219378
1.082  0.0211983
1.08525  0.0204743
1.0885  0.0197659
1.09175  0.0190732
1.095  0.0183962
1.09825  0.0177348
1.1015  0.0170892
1.10475  0.0164593
1.108  0.015845
1.11125  0.0152465
1.1145  0.0146635
1.11775  0.0140962
1.121  0.0135444
1.12425  0.0130081
1.1275  0.0124873
1.13075  0.0119818
1.134  0.0114915
1.13725  0.0110165
1.1405  0.0105566
1.14375  0.0101116
1.147  0.00968154
1.15025  0.00926625
1.1535  0.00886562
1.15675  0.00847954
1.16  0.00810786
1.16325  0.00775047
1.1665  0.00740723
1.16975  0.00707799
1.173  0.00676262
1.17625  0.00646097
1.1795  0.0061729
1.18275  0.00589824
1.186  0.00563685
1.18925  0.00538856
1.1925  0.00515322
1.19575  0.00493067
1.199  0.00472074
1.20225  0.00452327
1.2055  0.00433809
1.20875  0.00416503
1.212  0.00400392
1.21525  0.0038546
1.2185  0.00371688
1.22175  0.0035906
1.225  0.00347559
1.22825  0.00337166
1.2315  0.00327866
1.23475  0.00319639
1.238  0.00312469
1.24125  0.00306339
1.2445  0.00301231
1.24775  0.00297127
1.251  0.0029401
1.25425  0.00291862
1.2575  0.00290668
1.26075  0.00290408
1.264  0.00291066
1.26725  0.00292625
1.2705  0.00295068
1.27375  0.00298378
1.277  0.00302538
1.28025  0.0030753
1.2835  0.00313339
1.28675  0.00319949
1.29  0.00327341
1.29325  0.00335501
1.2965  0.00344411
1.29975  0.00354057
1.303  0.00364421
1.30625  0.00375488
1.3095  0.00387243
1.31275  0.0039967
1.316  0.00412753
1.31925  0.00426477
1.3225  0.00440828
1.32575  0.0045579
1.329  0.00471348
1.33225  0.00487488
1.3355  0.00504196
1.33875  0.00521457
1.342  0.00539257
1.34525  0.00557582
1.3485  0.00576418
1.35175  0.00595752
1.355  0.00615571
1.35825  0.0063586
1.3615  0.00656607
1.36475  0.00677799
1.368  0.00699424
1.37125  0.00721468
1.3745  0.00743919
1.37775  0.00766765
1.381  0.00789994
1.38425  0.00813594
1.3875  0.00837553
1.39075  0.0086186
1.394  0.00886504
1.39725  0.00911472
1.4005  0.00936755
1.40375  0.00962341
1.407  0.00988219
1.41025  0.0101438
1.4135  0.0104081
1.41675  0.010675
1.42  0.0109445
1.42325  0.0112164
1.4265  0.0114905
1.42975  0.0117669
1.433  0.0120455
1.43625  0.012326
1.4395  0.0126085
1.44275  0.0128929
1.446  0.0131791
1.44925  0.0134669
1.4525  0.0137563
1.45575  0.0140472
1.459  0.0143396
1.46225  0.0146333
1.4655  0.0149284
1.46875  0.0152246
1.472  0.0155219
1.47525  0.0158203
1.4785  0.0161196
1.48175  0.0164199
1.485  0.016721
1.48825  0.0170228
1.4915  0.0173254
1.49475  0.0176286
1.498  0.0179324
1.50125  0.0182367
1.5045  0.0185414
1.50775  0.0188465
1.511  0.0191519
1.51425  0.0194576
1.5175  0.0197635
1.52075  0.0200696
1.524  0.0203758
1.52725  0.020682
1.5305  0.0209882
1.53375  0.0212943
1.537  0.0216004
1.54025  0.0219063
1.5435  0.022212
1.54675  0.0225174
1.55  0.0228225
1.55325  0.0231273
1.5565  0.0234318
1.55975  0.0237358
1.563  0.0240393
1.56625  0.0243423
1.5695  0.0246448
1.57275  0.0249467
1.576  0.025248
1.57925  0.0255486
1.5825  0.0258485
1.58575  0.0261477
1.589  0.0264461
1.59225  0.0267438
1.5955  0.0270406
1.59875  0.0273365
1.602  0.0276316
1.60525  0.0279257
1.6085  0.0282189
1.61175  0.0285111
1.615  0.0288023
1.61825  0.0290925
1.6215  0.0293816
1.62475  0.0296697
1.628  0.0299566
1.63125  0.0302424
1.6345  0.0305271
1.63775  0.0308105
1.641  0.0310928
1.64425  0.0313739
1.6475  0.0316537
1.65075  0.0319323
1.654  0.0322096
1.65725  0.0324857
1.6605  0.0327604
1.66375  0.0330337
1.667  0.0333058
1.67025  0.0335764
1.6735  0.0338457
1.67675  0.0341136
1.68  0.0343801
1.68325  0.0346452
1.6865  0.0349089
1.68975  0.0351711
1.693  0.0354318
1.69625  0.0356911
1.6995  0.0359489
1.70275  0.0362052
1.706  0.0364601
1.70925  0.0367134
1.7125  0.0369651
1.71575  0.0372154
1.719  0.0374641
1.72225  0.0377113
1.7255  0.0379569
1.72875  0.038201
1.732  0.0384434
1.73525  0.0386844
1.7385  0.0389237
1.74175  0.0391614
1.745  0.0393976
1.74825  0.0396322
1.7515  0.0398651
1.75475  0.0400965
1.758  0.0403262
1.76125  0.0405543
1.7645  0.0407808
1.76775  0.0410057
1.771  0.041229
1.77425  0.0414507
1.7775  0.0416707
1.78075  0.0418891
1.784  0.0421058
1.78725  0.0423209
1.7905  0.0425344
1.79375  0.0427463
1.797  0.0429565
1.80025  0.0431651
1.8035  0.043372
1.80675  0.0435773
1.81  0.043781
1.81325  0.043983
1.8165  0.0441834
1.81975  0.0443822
1.823  0.0445793
1.82625  0.0447749
1.8295  0.0449687
1.83275  0.045161
1.836  0.0453516
1.83925  0.0455406
1.8425  0.045728
1.84575  0.0459138
1.849  0.0460979
1.85225  0.0462805
1.8555  0.0464614
1.85875  0.0466407
1.862  0.0468184
1.86525  0.0469945
1.8685  0.0471691
1.87175  0.047342
1.875  0.0475133
1.87825  0.0476831
1.8815  0.0478513
1.88475  0.0480178
1.888  0.0481829
1.89125  0.0483463
1.8945  0.0485082
1.89775  0.0486686
1.901  0.0488274
1.90425  0.0489846
1.9075  0.0491403
1.91075  0.0492944
1.914  0.0494471
1.91725  0.0495982
1.9205  0.0497477
1.92375  0.0498958
1.927  0.0500424
1.93025  0.0501874
1.9335  0.0503309
1.93675  0.050473
1.94  0.0506136
1.94325  0.0507526
1.9465  0.0508902
1.94975  0.0510264
1.953  0.051161
1.95625  0.0512943
1.9595  0.051426
1.96275  0.0515564
1.966  0.0516852
1.96925  0.0518127
1.9725  0.0519387
1.97575  0.0520633
1.979  0.0521865
1.98225  0.0523083
1.9855  0.0524287
1.98875  0.0525477
1.992  0.0526653
1.99525  0.0527816
1.9985  0.0528964
2.00175  0.0530099
2.005  0.0531221
2.00825  0.0532329
2.0115  0.0533423
2.01475  0.0534504
2.018  0.0535572
2.02125  0.0536627
2.0245  0.0537668
2.02775  0.0538697
2.031  0.0539712
2.03425  0.0540714
2.0375  0.0541704
2.04075  0.0542681
2.044  0.0543645
2.04725  0.0544596
2.0505  0.0545535
2.05375  0.0546461
2.057  0.0547375
2.06025  0.0548276
2.0635  0.0549165
2.06675  0.0550042
2.07  0.0550907
2.07325  0.055176
2.0765  0.05526
2.07975  0.0553429
2.083  0.0554246
2.08625  0.0555051
2.0895  0.0555844
2.09275  0.0556626
2.096  0.0557396
2.09925  0.0558155
2.1025  0.0558902
2.10575  0.0559637
2.109  0.0560362
2.11225  0.0561075
2.1155  0.0561777
2.11875  0.0562468
2.122  0.0563148
2.12525  0.0563817
2.1285  0.0564475
2.13175  0.0565123
2.135  0.0565759
2.13825  0.0566385
2.1415  0.0567001
2.14475  0.0567606
2.148  0.05682
2.15125  0.0568784
2.1545  0.0569358
2.15775  0.0569922
2.161  0.0570475
2.16425  0.0571018
2.1675  0.0571552
2.17075  0.0572075
2.174  0.0572588
2.17725  0.0573092
2.1805  0.0573586
2.18375  0.057407
2.187  0.0574544
2.19025  0.0575009
2.1935  0.0575465
2.19675  0.0575911
2.2  0.0576347
2.20325  0.0576775
2.2065  0.0577193
2.20975  0.0577602
2.213  0.0578002
2.21625  0.0578393
2.2195  0.0578775
2.22275  0.0579148
2.226  0.0579512
2.22925  0.0579868
2.2325  0.0580215
2.23575  0.0580553
2.239  0.0580882
2.24225  0.0581203
2.2455  0.0581516
2.24875  0.058182
2.252  0.0582116
2.25525  0.0582404
2.2585  0.0582683
2.26175  0.0582955
2.265  0.0583218
2.26825  0.0583473
2.2715  0.0583721
2.27475  0.058396
2.278  0.0584192
2.28125  0.0584416
2.2845  0.0584632
2.28775  0.058484
2.291  0.0585041
2.29425  0.0585235
2.2975  0.0585421
2.30075  0.0585599
2.304  0.058577
2.30725  0.0585934
2.3105  0.0586091
2.31375  0.058624
2.317  0.0586382
2.32025  0.0586518
2.3235  0.0586646
2.32675  0.0586767
2.33  0.0586881
2.33325  0.0586989
2.3365  0.058709
2.33975  0.0587184
2.343  0.0587271
2.34625  0.0587352
2.3495  0.0587426
2.35275  0.0587493
2.356  0.0587554
2.35925  0.0587609
2.3625  0.0587657
2.36575  0.05877
2.369  0.0587735
2.37225  0.0587765
2.3755  0.0587788
2.37875  0.0587806
2.382  0.0587817
2.38525  0.0587822
2.3885  0.0587821
2.39175  0.0587815
2.395  0.0587802
2.39825  0.0587784
2.4015  0.058776
2.40475  0.058773
2.408  0.0587695
2.41125  0.0587654
2.4145  0.0587608
2.41775  0.0587556
2.421  0.0587498
2.42425  0.0587435
2.4275  0.0587367
2.43075  0.0587293
2.434  0.0587214
2.43725  0.058713
2.4405  0.0587041
2.44375  0.0586946
2.447  0.0586847
2.45025  0.0586742
2.4535  0.0586633
2.45675  0.0586518
2.46  0.0586399
2.46325  0.0586274
2.4665  0.0586145
2.46975  0.0586011
2.473  0.0585872
2.47625  0.0585729
2.4795  0.0585581
2.48275  0.0585428
2.486  0.0585271
2.48925  0.0585109
2.4925  0.0584942
2.49575  0.0584772
2.499  0.0584596
2.50225  0.0584417
2.5055  0.0584233
2.50875  0.0584045
2.512  0.0583852
2.51525  0.0583655
2.5185  0.0583455
2.52175  0.058325
2.525  0.058304
2.52825  0.0582827
2.5315  0.058261
2.53475  0.0582389
2.538  0.0582164
2.54125  0.0581935
2.5445  0.0581702
2.54775  0.0581465
2.551  0.0581224
2.55425  0.058098
2.5575  0.0580732
2.56075  0.058048
2.564  0.0580225
2.56725  0.0579966
2.5705  0.0579703
2.57375  0.0579437
2.577  0.0579167
2.58025  0.0578894
2.5835  0.0578617
2.58675  0.0578337
2.59  0.0578054
2.59325  0.0577767
2.5965  0.0577477
2.59975  0.0577183
2.603  0.0576887
2.60625  0.0576587
2.6095  0.0576284
2.61275  0.0575977
2.616  0.0575668
2.61925  0.0575355
2.6225  0.057504
2.62575  0.0574721
2.629  0.05744
2.63225  0.0574075
2.6355  0.0573748
2.63875  0.0573417
2.642  0.0573084
2.64525  0.0572748
2.6485  0.0572409
2.65175  0.0572067
2.655  0.0571722
2.65825  0.0571375
2.6615  0.0571025
2.66475  0.0570672
2.668  0.0570317
2.67125  0.0569959
2.6745  0.0569599
2.67775  0.0569236
2.681  0.056887
2.68425  0.0568502
2.6875  0.0568131
2.69075  0.0567758
2.694  0.0567382
2.69725  0.0567004
2.7005  0.0566624
2.70375  0.0566241
2.707  0.0565856
2.71025  0.0565469
2.7135  0.0565079
2.71675  0.0564687
2.72  0.0564293
2.72325  0.0563897
2.7265  0.0563498
2.72975  0.0563098
2.733  0.0562695
2.73625  0.056229
2.7395  0.0561883
2.74275  0.0561474
2.746  0.0561063
2.74925  0.056065
2.7525  0.0560235
2.75575  0.0559818
2.759  0.0559399
2.76225  0.0558978
2.7655  0.0558555
2.76875  0.055813
2.772  0.0557704
2.77525  0.0557275
2.7785  0.0556845
2.78175  0.0556413
2.785  0.0555979
2.78825  0.0555544
2.7915  0.0555106
2.79475  0.0554667
2.798  0.0554227
2.80125  0.0553784
2.8045  0.055334
2.80775  0.0552895
2.811  0.0552448
2.81425  0.0551999
2.8175  0.0551548
2.82075  0.0551097
2.824  0.0550643
2.82725  0.0550188
2.8305  0.0549732
2.83375  0.0549274
2.837  0.0548814
2.84025  0.0548354
2.8435  0.0547891
2.84675  0.0547428
2.85  0.0546963
2.85325  0.0546497
2.8565  0.0546029
2.85975  0.054556
2.863  0.054509
2.86625  0.0544618
2.8695  0.0544145
2.87275  0.0543671
2.876  0.0543196
2.87925  0.0542719
2.8825  0.0542241
2.88575  0.0541762
2.889  0.0541282
2.89225  0.0540801
2.8955  0.0540318
2.89875  0.0539835
2.902  0.053935
2.90525  0.0538864
2.9085  0.0538378
2.91175  0.053789
2.915  0.0537401
2.91825  0.0536911
2.9215  0.053642
2.92475  0.0535928
2.928  0.0535435
2.93125  0.0534941
2.9345  0.0534446
2.93775  0.053395
2.941  0.0533454
2.94425  0.0532956
2.9475  0.0532458
2.95075  0.0531958
2.954  0.0531458
2.95725  0.0530957
2.9605  0.0530455
2.96375  0.0529952
2.967  0.0529449
2.97025  0.0528944
2.9735  0.0528439
2.97675  0.0527933
2.98  0.0527426
2.98325  0.0526919
2.9865  0.0526411
2.98975  0.0525902
2.993  0.0525392
2.99625  0.0524882
2.9995  0.0524371
3.00275  0.052386
3.006  0.0523347
3.00925  0.0522834
3.0125  0.0522321
3.01575  0.0521807
3.019  0.0521292
3.02225  0.0520776
3.0255  0.0520261
3.02875  0.0519744
3.032  0.0519227
3.03525  0.0518709
3.0385  0.0518191
3.04175  0.0517672
3.045  0.0517153
3.04825  0.0516633
3.0515  0.0516113
3.05475  0.0515592
3.058  0.0515071
3.06125  0.051455
3.0645  0.0514028
3.06775  0.0513505
3.071  0.0512982
3.07425  0.0512459
3.0775  0.0511935
3.08075  0.0511411
3.084  0.0510886
3.08725  0.0510361
3.0905  0.0509836
3.09375  0.050931
3.097  0.0508784
3.10025  0.0508258
3.1035  0.0507731
3.10675  0.0507204
3.11  0.0506677
3.11325  0.0506149
3.1165  0.0505621
3.11975  0.0505093
3.123  0.0504565
3.12625  0.0504036
3.1295  0.0503507
3.13275  0.0502977
3.136  0.0502448
3.13925  0.0501918
3.1425  0.0501388
3.14575  0.0500858
3.149  0.0500328
3.15225  0.0499797
3.1555  0.0499266
3.15875  0.0498735
3.162  0.0498204
3.16525  0.0497673
3.1685  0.0497142
3.17175  0.049661
3.175  0.0496078
3.17825  0.0495546
3.1815  0.0495014
3.18475  0.0494482
3.188  0.049395
3.19125  0.0493418
3.1945  0.0492885
3.19775  0.0492353
3.201  0.049182
3.20425  0.0491288
3.2075  0.0490755
3.21075  0.0490222
3.214  0.0489689
3.21725  0.0489156
3.2205  0.0488623
3.22375  0.0488091
3.227  0.0487558
3.23025  0.0487025
3.2335  0.0486492
3.23675  0.0485959
3.24  0.0485426
3.24325  0.0484893
3.2465  0.048436
3.24975  0.0483827
3.253  0.0483294
3.25625  0.0482761
3.2595  0.0482228
3.26275  0.0481695
3.266  0.0481162
3.26925  0.048063
3.2725  0.0480097
3.27575  0.0479564
3.279  0.0479032
3.28225  0.0478499
3.2855  0.0477967
3.28875  0.0477435
3.292  0.0476903
3.29525  0.0476371
3.2985  0.0475839
3.30175  0.0475307
3.305  0.0474775
3.30825  0.0474244
3.3115  0.0473712
3.31475  0.0473181
3.318  0.047265
3.32125  0.0472119
3.3245  0.0471588
3.32775  0.0471057
3.331  0.0470527
3.33425  0.0469996
3.3375  0.0469466
3.34075  0.0468936
3.344  0.0468406
3.34725  0.0467876
3.3505  0.0467347
3.35375  0.0466818
3.357  0.0466289
3.36025  0.046576
3.3635  0.0465231
3.36675  0.0464703
3.37  0.0464174
3.37325  0.0463646
3.3765  0.0463119
3.37975  0.0462591
3.383  0.0462064
3.38625  0.0461537
3.3895  0.046101
3.39275  0.0460483
3.396  0.0459957
3.39925  0.0459431
3.4025  0.0458905
3.40575  0.045838
3.409  0.0457854
3.41225  0.0457329
3.4155  0.0456805
3.41875  0.045628
3.422  0.0455756
3.42525  0.0455232
3.4285  0.0454709
3.43175  0.0454185
3.435  0.0453662
3.43825  0.045314
3.4415  0.0452617
3.44475  0.0452095
3.448  0.0451573
3.45125  0.0451052
3.4545  0.0450531
3.45775  0.045001
3.461  0.044949
3.46425  0.044897
3.4675  0.044845
3.47075  0.044793
3.474  0.0447411
3.47725  0.0446892
3.4805  0.0446374
3.48375  0.0445856
3.487  0.0445338
3.49025  0.0444821
3.4935  0.0444304
3.49675  0.0443787
3.5  0.0443271
3.50325  0.0442755
3.5065  0.0442239
3.50975  0.0441724
3.513  0.0441209
3.51625  0.0440695
3.5195  0.0440181
3.52275  0.0439667
3.526  0.0439154
3.52925  0.0438641
3.5325  0.0438128
3.53575  0.0437616
3.539  0.0437105
3.54225  0.0436593
3.5455  0.0436082
3.54875  0.0435572
3.552  0.0435062
3.55525  0.0434552
3.5585  0.0434043
3.56175  0.0433534
3.565  0.0433025
3.56825  0.0432517
3.5715  0.043201
3.57475  0.0431503
3.578  0.0430996
3.58125  0.043049
3.5845  0.0429984
3.58775  0.0429478
3.591  0.0428973
3.59425  0.0428469
3.5975  0.0427964
3.60075  0.0427461
3.604  0.0426957
3.60725  0.0426455
3.6105  0.0425952
3.61375  0.042545
3.617  0.0424949
3.62025  0.0424448
3.6235  0.0423947
3.62675  0.0423447
3.63  0.0422947
3.63325  0.0422448
3.6365  0.042195
3.63975  0.0421451
3.643  0.0420953
3.64625  0.0420456
3.6495  0.0419959
3.65275  0.0419463
3.656  0.0418967
3.65925  0.0418471
3.6625  0.0417977
3.66575  0.0417482
3.669  0.0416988
3.67225  0.0416494
3.6755  0.0416001
3.67875  0.0415509
3.682  0.0415017
3.68525  0.0414525
3.6885  0.0414034
3.69175  0.0413543
3.695  0.0413053
3.69825  0.0412564
3.7015  0.0412074
3.70475  0.0411586
3.708  0.0411098
3.71125  0.041061
3.7145  0.0410123
3.71775  0.0409636
3.721  0.040915
3.72425  0.0408664
3.7275  0.0408179
3.73075  0.0407694
3.734  0.040721
3.73725  0.0406727
3.7405  0.0406244
3.74375  0.0405761
3.747  0.0405279
3.75025  0.0404797
3.7535  0.0404316
3.75675  0.0403836
3.76  0.0403355
3.76325  0.0402876
3.7665  0.0402397
3.76975  0.0401918
3.773  0.040144
3.77625  0.0400963
3.7795  0.0400486
3.78275  0.040001
3.786  0.0399534
3.78925  0.0399058
3.7925  0.0398583
3.79575  0.0398109
3.799  0.0397635
3.80225  0.0397162
3.8055  0.0396689
3.80875  0.0396217
3.812  0.0395745
3.81525  0.0395274
3.8185  0.0394804
3.82175  0.0394333
3.825  0.0393864
3.82825  0.0393395
3.8315  0.0392926
3.83475  0.0392458
3.838  0.0391991
3.84125  0.0391524
3.8445  0.0391058
3.84775  0.0390592
3.851  0.0390127
3.85425  0.0389662
3.8575  0.0389198
3.86075  0.0388734
3.864  0.0388271
3.86725  0.0387808
3.8705  0.0387346
3.87375  0.0386885
3.877  0.0386424
3.88025  0.0385963
3.8835  0.0385504
3.88675  0.0385044
3.89  0.0384586
3.89325  0.0384127
3.8965  0.038367
3.89975  0.0383212
3.903  0.0382756
3.90625  0.03823
3.9095  0.0381844
3.91275  0.0381389
3.916  0.0380935
3.91925  0.0380481
3.9225  0.0380028
3.92575  0.0379575
3.929  0.0379123
3.93225  0.0378671
3.9355  0.037822
3.93875  0.037777
3.942  0.037732
3.94525  0.037687
3.9485  0.0376421
3.95175  0.0375973
3.955  0.0375525
3.95825  0.0375078
3.9615  0.0374631
3.96475  0.0374185
3.968  0.0373739
3.97125  0.0373294
3.9745  0.037285
3.97775  0.0372406
3.981  0.0371963
3.98425  0.037152
3.9875  0.0371078
3.99075  0.0370636
3.994  0.0370195
3.99725  0.0369754
4.0005  0.0369314
4.00375  0.0368875
4.007  0.0368436
4.01025  0.0367997
4.0135  0.0367559
4.01675  0.0367122
4.02  0.0366686
4.02325  0.0366249
4.0265  0.0365814
4.02975  0.0365379
4.033  0.0364944
4.03625  0.036451
4.0395  0.0364077
4.04275  0.0363644
4.046  0.0363212
4.04925  0.036278
4.0525  0.0362349
4.05575  0.0361918
4.059  0.0361488
4.06225  0.0361059
4.0655  0.036063
4.06875  0.0360202
4.072  0.0359774
4.07525  0.0359347
4.0785  0.035892
4.08175  0.0358494
4.085  0.0358068
4.08825  0.0357643
4.0915  0.0357219
4.09475  0.0356795
4.098  0.0356371
4.10125  0.0355949
4.1045  0.0355526
4.10775  0.0355105
4.111  0.0354683
4.11425  0.0354263
4.1175  0.0353843
4.12075  0.0353423
4.124  0.0353004
4.12725  0.0352586
4.1305  0.0352168
4.13375  0.0351751
4.137  0.0351334
4.14025  0.0350918
4.1435  0.0350502
4.14675  0.0350087
4.15  0.0349673
4.15325  0.0349259
4.1565  0.0348846
4.15975  0.0348433
4.163  0.0348021
4.16625  0.0347609
4.1695  0.0347198
4.17275  0.0346787
4.176  0.0346377
4.17925  0.0345967
4.1825  0.0345558
4.18575  0.034515
4.189  0.0344742
4.19225  0.0344335
4.1955  0.0343928
4.19875  0.0343522
4.202  0.0343116
4.20525  0.0342711
4.2085  0.0342306
4.21175  0.0341902
4.215  0.0341499
4.21825  0.0341096
4.2215  0.0340694
4.22475  0.0340292
4.228  0.033989
4.23125  0.033949
4.2345  0.033909
4.23775  0.033869
4.241  0.0338291
4.24425  0.0337892
4.2475  0.0337494
4.25075  0.0337097
4.254  0.03367
4.25725  0.0336304
4.2605  0.0335908
4.26375  0.0335512
4.267  0.0335118
4.27025  0.0334723
4.2735  0.033433
4.27675  0.0333937
4.28  0.0333544
4.28325  0.0333152
4.2865  0.0332761
4.28975  0.033237
4.293  0.0331979
4.29625  0.0331589
4.2995  0.03312
4.30275  0.0330811
4.306  0.0330423
4.30925  0.0330035
4.3125  0.0329648
4.31575  0.0329261
4.319  0.0328875
4.32225  0.032849
4.3255  0.0328105
4.32875  0.032772
4.332  0.0327336
4.33525  0.0326953
4.3385  0.032657
4.34175  0.0326188
4.345  0.0325806
4.34825  0.0325424
4.3515  0.0325044
4.35475  0.0324663
4.358  0.0324284
4.36125  0.0323905
4.3645  0.0323526
4.36775  0.0323148
4.371  0.032277
4.37425  0.0322393
4.3775  0.0322017
4.38075  0.0321641
4.384  0.0321265
4.38725  0.032089
4.3905  0.0320516
4.39375  0.0320142
4.397  0.0319769
4.40025  0.0319396
4.4035  0.0319024
4.40675  0.0318652
4.41  0.0318281
4.41325  0.031791
4.4165  0.031754
4.41975  0.031717
4.423  0.0316801
4.42625  0.0316432
4.4295  0.0316064
4.43275  0.0315696
4.436  0.0315329
4.43925  0.0314963
4.4425  0.0314597
4.44575  0.0314231
4.449  0.0313866
4.45225  0.0313502
4.4555  0.0313138
4.45875  0.0312774
4.462  0.0312411
4.46525  0.0312049
4.4685  0.0311687
4.47175  0.0311326
4.475  0.0310965
4.47825  0.0310604
4.4815  0.0310245
4.48475  0.0309885
4.488  0.0309526
4.49125  0.0309168
4.4945  0.030881
4.49775  0.0308453
4.501  0.0308096
4.50425  0.030774
4.5075  0.0307384
4.51075  0.0307029
4.514  0.0306674
4.51725  0.030632
4.5205  0.0305966
4.52375  0.0305613
4.527  0.030526
4.53025  0.0304908
4.5335  0.0304556
4.53675  0.0304205
4.54  0.0303854
4.54325  0.0303504
4.5465  0.0303154
4.54975  0.0302805
4.553  0.0302456
4.55625  0.0302108
4.5595  0.030176
4.56275  0.0301413
4.566  0.0301066
4.56925  0.030072
4.5725  0.0300375
4.57575  0.0300029
4.579  0.0299685
4.58225  0.029934
4.5855  0.0298997
4.58875  0.0298653
4.592  0.0298311
4.59525  0.0297968
4.5985  0.0297627
4.60175  0.0297285
4.605  0.0296944
4.60825  0.0296604
4.6115  0.0296264
4.61475  0.0295925
4.618  0.0295586
4.62125  0.0295248
4.6245  0.029491
4.62775  0.0294573
4.631  0.0294236
4.63425  0.0293899
4.6375  0.0293563
4.64075  0.0293228
4.644  0.0292893
4.64725  0.0292559
4.6505  0.0292225
4.65375  0.0291891
4.657  0.0291558
4.66025  0.0291226
4.6635  0.0290894
4.66675  0.0290562
4.67  0.0290231
4.67325  0.02899
4.6765  0.028957
4.67975  0.028924
4.683  0.0288911
4.68625  0.0288583
4.6895  0.0288254
4.69275  0.0287927
4.696  0.0287599
4.69925  0.0287272
4.7025  0.0286946
4.70575  0.028662
4.709  0.0286295
4.71225  0.028597
4.7155  0.0285645
4.71875  0.0285321
4.722  0.0284998
4.72525  0.0284675
4.7285  0.0284352
4.73175  0.028403
4.735  0.0283709
4.73825  0.0283387
4.7415  0.0283067
4.74475  0.0282746
4.748  0.0282427
4.75125  0.0282107
4.7545  0.0281788
4.75775  0.028147
4.761  0.0281152
4.76425  0.0280835
4.7675  0.0280518
4.77075  0.0280201
4.774  0.0279885
4.77725  0.0279569
4.7805  0.0279254
4.78375  0.0278939
4.787  0.0278625
4.79025  0.0278311
4.7935  0.0277998
4.79675  0.0277685
4.8  0.0277373
4.80325  0.0277061
4.8065  0.0276749
4.80975  0.0276438
4.813  0.0276127
4.81625  0.0275817
4.8195  0.0275507
4.82275  0.0275198
4.826  0.0274889
4.82925  0.0274581
4.8325  0.0274273
4.83575  0.0273966
4.839  0.0273658
4.84225  0.0273352
4.8455  0.0273046
4.84875  0.027274
4.852  0.0272435
4.85525  0.027213
4.8585  0.0271826
4.86175  0.0271522
4.865  0.0271218
4.86825  0.0270915
4.8715  0.0270612
4.87475  0.027031
4.878  0.0270009
4.88125  0.0269707
4.8845  0.0269406
4.88775  0.0269106
4.891  0.0268806
4.89425  0.0268506
4.8975  0.0268207
4.90075  0.0267909
4.904  0.026761
4.90725  0.0267313
4.9105  0.0267015
4.91375  0.0266718
4.917  0.0266422
4.92025  0.0266126
4.9235  0.026583
4.92675  0.0265535
4.93  0.026524
4.93325  0.0264946
4.9365  0.0264652
4.93975  0.0264358
4.943  0.0264065
4.94625  0.0263772
4.9495  0.026348
4.95275  0.0263188
4.956  0.0262897
4.95925  0.0262606
4.9625  0.0262315
4.96575  0.0262025
4.969  0.0261736
4.97225  0.0261446
4.9755  0.0261157
4.97875  0.0260869
4.982  0.0260581
4.98525  0.0260293
4.9885  0.0260006
4.99175  0.0259719
4.995  0.0259433
4.99825  0.0259147
5.0015  0.0258862
5.00475  0.0258577
5.008  0.0258292
5.01125  0.0258008
5.0145  0.0257724
5.01775  0.025744
5.021  0.0257157
5.02425  0.0256875
5.0275  0.0256592
5.03075  0.0256311
5.034  0.0256029
5.03725  0.0255748
5.0405  0.0255468
5.04375  0.0255187
5.047  0.0254908
5.05025  0.0254628
5.0535  0.0254349
5.05675  0.0254071
5.06  0.0253793
5.06325  0.0253515
5.0665  0.0253238
5.06975  0.0252961
5.073  0.0252684
5.07625  0.0252408
5.0795  0.0252132
5.08275  0.0251857
5.086  0.0251582
5.08925  0.0251307
5.0925  0.0251033
5.09575  0.025076
5.099  0.0250486
5.10225  0.0250213
5.1055  0.0249941
5.10875  0.0249668
5.112  0.0249397
5.11525  0.0249125
5.1185  0.0248854
5.12175  0.0248584
5.125  0.0248314
5.12825  0.0248044
5.1315  0.0247774
5.13475  0.0247505
5.138  0.0247237
5.14125  0.0246968
5.1445  0.0246701
5.14775  0.0246433
5.151  0.0246166
5.15425  0.0245899
5.1575  0.0245633
5.16075  0.0245367
5.164  0.0245102
5.16725  0.0244836
5.1705  0.0244572
5.17375  0.0244307
5.177  0.0244043
5.18025  0.024378
5.1835  0.0243516
5.18675  0.0243254
5.19  0.0242991
5.19325  0.0242729
5.1965  0.0242467
5.19975  0.0242206
5.203  0.0241945
5.20625  0.0241684
5.2095  0.0241424
5.21275  0.0241164
5.216  0.0240905
5.21925  0.0240646
5.2225  0.0240387
5.22575  0.0240129
5.229  0.0239871
5.23225  0.0239613
5.2355  0.0239356
5.23875  0.0239099
5.242  0.0238843
5.24525  0.0238586
5.2485  0.0238331
5.25175  0.0238075
5.255  0.023782
5.25825  0.0237566
5.2615  0.0237311
5.26475  0.0237057
5.268  0.0236804
5.27125  0.0236551
5.2745  0.0236298
5.27775  0.0236045
5.281  0.0235793
5.28425  0.0235542
5.2875  0.023529
5.29075  0.0235039
5.294  0.0234789
5.29725  0.0234538
5.3005  0.0234288
5.30375  0.0234039
5.307  0.023379
5.31025  0.0233541
5.3135  0.0233292
5.31675  0.0233044
5.32  0.0232797
5.32325  0.0232549
5.3265  0.0232302
5.32975  0.0232055
5.333  0.0231809
5.33625  0.0231563
5.3395  0.0231317
5.34275  0.0231072
5.346  0.0230827
5.34925  0.0230583
5.3525  0.0230338
5.35575  0.0230094
5.359  0.0229851
5.36225  0.0229608
5.3655  0.0229365
5.36875  0.0229122
5.372  0.022888
5.37525  0.0228639
5.3785  0.0228397
5.38175  0.0228156
5.385  0.0227915
5.38825  0.0227675
5.3915  0.0227435
5.39475  0.0227195
5.398  0.0226956
5.40125  0.0226717
5.4045  0.0226478
5.40775  0.022624
5.411  0.0226002
5.41425  0.0225764
5.4175  0.0225527
5.42075  0.022529
5.424  0.0225053
5.42725  0.0224817
5.4305  0.0224581
5.43375  0.0224345
5.437  0.022411
5.44025  0.0223875
5.4435  0.022364
5.44675  0.0223406
5.45  0.0223172
5.45325  0.0222938
5.4565  0.0222705
5.45975  0.0222472
5.463  0.0222239
5.46625  0.0222007
5.4695  0.0221775
5.47275  0.0221543
5.476  0.0221312
5.47925  0.0221081
5.4825  0.0220851
5.48575  0.022062
5.489  0.022039
5.49225  0.0220161
5.4955  0.0219931
5.49875  0.0219702
5.502  0.0219474
5.50525  0.0219245
5.5085  0.0219017
5.51175  0.0218789
5.515  0.0218562
5.51825  0.0218335
5.5215  0.0218108
5.52475  0.0217882
5.528  0.0217656
5.53125  0.021743
5.5345  0.0217205
5.53775  0.0216979
5.541  0.0216755
5.54425  0.021653
5.5475  0.0216306
5.55075  0.0216082
5.554  0.0215859
5.55725  0.0215635
5.5605  0.0215412
5.56375  0.021519
5.567  0.0214968
5.57025  0.0214746
5.5735  0.0214524
5.57675  0.0214303
5.58  0.0214082
5.58325  0.0213861
5.5865  0.021364
5.58975  0.021342
5.593  0.0213201
5.59625  0.0212981
5.5995  0.0212762
5.60275  0.0212543
5.606  0.0212325
5.60925  0.0212106
5.6125  0.0211889
5.61575  0.0211671
5.619  0.0211454
5.62225  0.0211237
5.6255  0.021102
5.62875  0.0210804
5.632  0.0210587
5.63525  0.0210372
5.6385  0.0210156
5.64175  0.0209941
5.645  0.0209726
5.64825  0.0209512
5.6515  0.0209297
5.65475  0.0209083
5.658  0.020887
5.66125  0.0208656
5.6645  0.0208443
5.66775  0.0208231
5.671  0.0208018
5.67425  0.0207806
5.6775  0.0207594
5.68075  0.0207383
5.684  0.0207171
5.68725  0.020696
5.6905  0.020675
5.69375  0.0206539
5.697  0.0206329
5.70025  0.020612
5.7035  0.020591
5.70675  0.0205701
5.71  0.0205492
5.71325  0.0205283
5.7165  0.0205075
5.71975  0.0204867
5.723  0.0204659
5.72625  0.0204452
5.7295  0.0204245
5.73275  0.0204038
5.736  0.0203831
5.73925  0.0203625
5.7425  0.0203419
5.74575  0.0203213
5.749  0.0203008
5.75225  0.0202803
5.7555  0.0202598
5.75875  0.0202393
5.762  0.0202189
5.76525  0.0201985
5.7685  0.0201781
5.77175  0.0201578
5.775  0.0201375
5.77825  0.0201172
5.7815  0.020097
5.78475  0.0200767
5.788  0.0200565
5.79125  0.0200364
5.7945  0.0200162
5.79775  0.0199961
5.801  0.019976
5.80425  0.0199559
5.8075  0.0199359
5.81075  0.0199159
5.814  0.0198959
5.81725  0.019876
5.8205  0.0198561
5.82375  0.0198362
5.827  0.0198163
5.83025  0.0197965
5.8335  0.0197767
5.83675  0.0197569
5.84  0.0197371
5.84325  0.0197174
5.8465  0.0196977
5.84975  0.019678
5.853  0.0196584
5.85625  0.0196388
5.8595  0.0196192
5.86275  0.0195996
5.866  0.0195801
5.86925  0.0195606
5.8725  0.0195411
5.87575  0.0195216
5.879  0.0195022
5.88225  0.0194828
5.8855  0.0194634
5.88875  0.0194441
5.892  0.0194248
5.89525  0.0194055
5.8985  0.0193862
5.90175  0.019367
5.905  0.0193477
5.90825  0.0193285
5.9115  0.0193094
5.91475  0.0192903
5.918  0.0192711
5.92125  0.0192521
5.9245  0.019233
5.92775  0.019214
5.931  0.019195
5.93425  0.019176
5.9375  0.019157
5.94075  0.0191381
5.944  0.0191192
5.94725  0.0191003
5.9505  0.0190815
5.95375  0.0190627
5.957  0.0190439
5.96025  0.0190251
5.9635  0.0190064
5.96675  0.0189877
5.97  0.018969
5.97325  0.0189503
5.9765  0.0189317
5.97975  0.018913
5.983  0.0188945
5.98625  0.0188759
5.9895  0.0188574
5.99275  0.0188388
5.996  0.0188204
5.99925  0.0188019
6.0025  0.0187835
6.00575  0.018765
6.009  0.0187467
6.01225  0.0187283
6.0155  0.01871
6.01875  0.0186916
6.022  0.0186734
6.02525  0.0186551
6.0285  0.0186369
6.03175  0.0186187
6.035  0.0186005
6.03825  0.0185823
6.0415  0.0185642
6.04475  0.0185461
6.048  0.018528
6.05125  0.0185099
6.0545  0.0184919
6.05775  0.0184739
6.061  0.0184559
6.06425  0.0184379
6.0675  0.01842
6.07075  0.0184021
6.074  0.0183842
6.07725  0.0183663
6.0805  0.0183485
6.08375  0.0183306
6.087  0.0183128
6.09025  0.0182951
6.0935  0.0182773
6.09675  0.0182596
6.1  0.0182419
6.10325  0.0182242
6.1065  0.0182066
6.10975  0.018189
6.113  0.0181714
6.11625  0.0181538
6.1195  0.0181362
6.12275  0.0181187
6.126  0.0181012
6.12925  0.0180837
6.1325  0.0180663
6.13575  0.0180488
6.139  0.0180314
6.14225  0.018014
6.1455  0.0179967
6.14875  0.0179793
6.152  0.017962
6.15525  0.0179447
6.1585  0.0179274
6.16175  0.0179102
6.165  0.017893
6.16825  0.0178758
6.1715  0.0178586
6.17475  0.0178414
6.178  0.0178243
6.18125  0.0178072
6.1845  0.0177901
6.18775  0.0177731
6.191  0.017756
6.19425  0.017739
6.1975  0.017722
6.20075  0.017705
6.204  0.0176881
6.20725  0.0176712
6.2105  0.0176543
6.21375  0.0176374
6.217  0.0176205
6.22025  0.0176037
6.2235  0.0175869
6.22675  0.0175701
6.23  0.0175533
6.23325  0.0175366
6.2365  0.0175199
6.23975  0.0175032
6.243  0.0174865
6.24625  0.0174699
6.2495  0.0174532
6.25275  0.0174366
6.256  0.01742
6.25925  0.0174035
6.2625  0.0173869
6.26575  0.0173704
6.269  0.0173539
6.27225  0.0173374
6.2755  0.017321
6.27875  0.0173045
6.282  0.0172881
6.28525  0.0172718
6.2885  0.0172554
6.29175  0.017239
6.295  0.0172227
6.29825  0.0172064
6.3015  0.0171901
6.30475  0.0171739
6.308  0.0171577
6.31125  0.0171414
6.3145  0.0171252
6.31775  0.0171091
6.321  0.0170929
6.32425  0.0170768
6.3275  0.0170607
6.33075  0.0170446
6.334  0.0170286
6.33725  0.0170125
6.3405  0.0169965
6.34375  0.0169805
6.347  0.0169645
6.35025  0.0169486
6.3535  0.0169326
6.35675  0.0169167
6.36  0.0169008
6.36325  0.0168849
6.3665  0.0168691
6.36975  0.0168533
6.373  0.0168375
6.37625  0.0168217
6.3795  0.0168059
6.38275  0.0167902
6.386  0.0167744
6.38925  0.0167587
6.3925  0.016743
6.39575  0.0167274
6.399  0.0167117
6.40225  0.0166961
6.4055  0.0166805
6.40875  0.0166649
6.412  0.0166494
6.41525  0.0166338
6.4185  0.0166183
6.42175  0.0166028
6.425  0.0165874
6.42825  0.0165719
6.4315  0.0165565
6.43475  0.016541
6.438  0.0165257
6.44125  0.0165103
6.4445  0.0164949
6.44775  0.0164796
6.451  0.0164643
6.45425  0.016449
6.4575  0.0164337
6.46075  0.0164184
6.464  0.0164032
6.46725  0.016388
6.4705  0.0163728
6.47375  0.0163576
6.477  0.0163425
6.48025  0.0163273
6.4835  0.0163122
6.48675  0.0162971
6.49  0.0162821
6.49325  0.016267
6.4965  0.016252
6.49975  0.016237
6.503  0.016222
6.50625  0.016207
6.5095  0.016192
6.51275  0.0161771
6.516  0.0161622
6.51925  0.0161473
6.5225  0.0161324
6.52575  0.0161175
6.529  0.0161027
6.53225  0.0160879
6.5355  0.0160731
6.53875  0.0160583
6.542  0.0160435
6.54525  0.0160288
6.5485  0.0160141
6.55175  0.0159994
6.555  0.0159847
6.55825  0.01597
6.5615  0.0159554
6.56475  0.0159407
6.568  0.0159261
6.57125  0.0159115
6.5745  0.015897
6.57775  0.0158824
6.581  0.0158679
6.58425  0.0158534
6.5875  0.0158389
6.59075  0.0158244
6.594  0.0158099
6.59725  0.0157955
6.6005  0.0157811
6.60375  0.0157667
6.607  0.0157523
6.61025  0.0157379
6.6135  0.0157236
6.61675  0.0157092
6.62  0.0156949
6.62325  0.0156806
6.6265  0.0156664
6.62975  0.0156521
6.633  0.0156379
6.63625  0.0156237
6.6395  0.0156095
6.64275  0.0155953
6.646  0.0155811
6.64925  0.015567
6.6525  0.0155529
6.65575  0.0155388
6.659  0.0155247
6.66225  0.0155106
6.6655  0.0154966
6.66875  0.0154825
6.672  0.0154685
6.67525  0.0154545
6.6785  0.0154405
6.68175  0.0154266
6.685  0.0154126
6.68825  0.0153987
6.6915  0.0153848
6.69475  0.0153709
6.698  0.015357
6.70125  0.0153432
6.7045  0.0153293
6.70775  0.0153155
6.711  0.0153017
6.71425  0.0152879
6.7175  0.0152742
6.72075  0.0152604
6.724  0.0152467
6.72725  0.015233
6.7305  0.0152193
6.73375  0.0152056
6.737  0.0151919
6.74025  0.0151783
6.7435  0.0151647
6.74675  0.0151511
6.75  0.0151375
6.75325  0.0151239
6.7565  0.0151104
6.75975  0.0150968
6.763  0.0150833
6.76625  0.0150698
6.7695  0.0150563
6.77275  0.0150428
6.776  0.0150294
6.77925  0.0150159
6.7825  0.0150025
6.78575  0.0149891
6.789  0.0149757
6.79225  0.0149624
6.7955  0.014949
6.79875  0.0149357
6.802  0.0149224
6.80525  0.0149091
6.8085  0.0148958
6.81175  0.0148825
6.815  0.0148693
6.81825  0.0148561
6.8215  0.0148428
6.82475  0.0148297
6.828  0.0148165
6.83125  0.0148033
6.8345  0.0147902
6.83775  0.014777
6.841  0.0147639
6.84425  0.0147508
6.8475  0.0147377
6.85075  0.0147247
6.854  0.0147116
6.85725  0.0146986
6.8605  0.0146856
6.86375  0.0146726
6.867  0.0146596
6.87025  0.0146466
6.8735  0.0146337
6.87675  0.0146208
6.88  0.0146078
6.88325  0.0145949
6.8865  0.0145821
6.88975  0.0145692
6.893  0.0145563
6.89625  0.0145435
6.8995  0.0145307
6.90275  0.0145179
6.906  0.0145051
6.90925  0.0144923
6.9125  0.0144796
6.91575  0.0144668
6.919  0.0144541
6.92225  0.0144414
6.9255  0.0144287
6.92875  0.014416
6.932  0.0144034
6.93525  0.0143907
6.9385  0.0143781
6.94175  0.0143655
6.945  0.0143529
6.94825  0.0143403
6.9515  0.0143278
6.95475  0.0143152
6.958  0.0143027
6.96125  0.0142902
6.9645  0.0142777
6.96775  0.0142652
6.971  0.0142527
6.97425  0.0142403
6.9775  0.0142278
6.98075  0.0142154
6.984  0.014203
6.98725  0.0141906
6.9905  0.0141782
6.99375  0.0141659
6.997  0.0141535
7.00025  0.0141412
7.0035  0.0141289
7.00675  0.0141166
7.01  0.0141043
7.01325  0.014092
7.0165  0.0140798
7.01975  0.0140676
7.023  0.0140553
7.02625  0.0140431
7.0295  0.0140309
7.03275  0.0140188
7.036  0.0140066
7.03925  0.0139944
7.0425  0.0139823
7.04575  0.0139702
7.049  0.0139581
7.05225  0.013946
7.0555  0.0139339
7.05875  0.0139219
7.062  0.0139098
7.06525  0.0138978
7.0685  0.0138858
7.07175  0.0138738
7.075  0.0138618
7.07825  0.0138499
7.0815  0.0138379
7.08475  0.013826
7.088  0.0138141
7.09125  0.0138021
7.0945  0.0137903
7.09775  0.0137784
7.101  0.0137665
7.10425  0.0137547
7.1075  0.0137428
7.11075  0.013731
7.114  0.0137192
7.11725  0.0137074
7.1205  0.0136956
7.12375  0.0136839
7.127  0.0136721
7.13025  0.0136604
7.1335  0.0136487
7.13675  0.013637
7.14  0.0136253
7.14325  0.0136136
7.1465  0.013602
7.14975  0.0135903
7.153  0.0135787
7.15625  0.0135671
7.1595  0.0135555
7.16275  0.0135439
7.166  0.0135323
7.16925  0.0135207
7.1725  0.0135092
7.17575  0.0134977
7.179  0.0134861
7.18225  0.0134746
7.1855  0.0134632
7.18875  0.0134517
7.192  0.0134402
7.19525  0.0134288
7.1985  0.0134173
7.20175  0.0134059
7.205  0.0133945
7.20825  0.0133831
7.2115  0.0133717
7.21475  0.0133604
7.218  0.013349
7.22125  0.0133377
7.2245  0.0133264
7.22775  0.0133151
7.231  0.0133038
7.23425  0.0132925
7.2375  0.0132812
7.24075  0.01327
7.244  0.0132587
7.24725  0.0132475
7.2505  0.0132363
7.25375  0.0132251
7.257  0.0132139
7.26025  0.0132027
7.2635  0.0131916
7.26675  0.0131804
7.27  0.0131693
7.27325  0.0131582
7.2765  0.0131471
7.27975  0.013136
7.283  0.0131249
7.28625  0.0131139
7.2895  0.0131028
7.29275  0.0130918
7.296  0.0130807
7.29925  0.0130697
7.3025  0.0130587
7.30575  0.0130478
7.309  0.0130368
7.31225  0.0130258
7.3155  0.0130149
7.31875  0.013004
7.322  0.012993
7.32525  0.0129821
7.3285  0.0129712
7.33175  0.0129604
7.335  0.0129495
7.33825  0.0129387
7.3415  0.0129278
7.34475  0.012917
7.348  0.0129062
7.35125  0.0128954
7.3545  0.0128846
7.35775  0.0128738
7.361  0.0128631
7.36425  0.0128523
7.3675  0.0128416
7.37075  0.0128309
7.374  0.0128202
7.37725  0.0128095
7.3805  0.0127988
7.38375  0.0127881
7.387  0.0127775
7.39025  0.0127668
7.3935  0.0127562
7.39675  0.0127456
7.4  0.012735
7.40325  0.0127244
7.4065  0.0127138
7.40975  0.0127032
7.413  0.0126927
7.41625  0.0126821
7.4195  0.0126716
7.42275  0.0126611
7.426  0.0126506
7.42925  0.0126401
7.4325  0.0126296
7.43575  0.0126191
7.439  0.0126087
7.44225  0.0125982
7.4455  0.0125878
7.44875  0.0125774
7.452  0.012567
7.45525  0.0125566
7.4585  0.0125462
7.46175  0.0125359
7.465  0.0125255
7.46825  0.0125152
7.4715  0.0125048
7.47475  0.0124945
7.478  0.0124842
7.48125  0.0124739
7.4845  0.0124636
7.48775  0.0124534
7.491  0.0124431
7.49425  0.0124329
7.4975  0.0124226
7.50075  0.0124124
7.504  0.0124022
7.50725  0.012392
7.5105  0.0123818
7.51375  0.0123717
7.517  0.0123615
7.52025  0.0123513
7.5235  0.0123412
7.52675  0.0123311
7.53  0.012321
7.53325  0.0123109
7.5365  0.0123008
7.53975  0.0122907
7.543  0.0122807
7.54625  0.0122706
7.5495  0.0122606
7.55275  0.0122505
7.556  0.0122405
7.55925  0.0122305
7.5625  0.0122205
7.56575  0.0122105
7.569  0.0122006
7.57225  0.0121906
7.5755  0.0121807
7.57875  0.0121707
7.582  0.0121608
7.58525  0.0121509
7.5885  0.012141
7.59175  0.0121311
7.595  0.0121212
7.59825  0.0121114
7.6015  0.0121015
7.60475  0.0120917
7.608  0.0120819
7.61125  0.012072
7.6145  0.0120622
7.61775  0.0120524
7.621  0.0120427
7.62425  0.0120329
7.6275  0.0120231
7.63075  0.0120134
7.634  0.0120036
7.63725  0.0119939
7.6405  0.0119842
7.64375  0.0119745
7.647  0.0119648
7.65025  0.0119551
7.6535  0.0119455
7.65675  0.0119358
7.66  0.0119262
7.66325  0.0119165
7.6665  0.0119069
7.66975  0.0118973
7.673  0.0118877
7.67625  0.0118781
7.6795  0.0118685
7.68275  0.011859
7.686  0.0118494
7.68925  0.0118399
7.6925  0.0118303
7.69575  0.0118208
7.699  0.0118113
7.70225  0.0118018
7.7055  0.0117923
7.70875  0.0117828
7.712  0.0117733
7.71525  0.0117639
7.7185  0.0117544
7.72175  0.011745
7.725  0.0117356
7.72825  0.0117262
7.7315  0.0117168
7.73475  0.0117074
7.738  0.011698
7.74125  0.0116886
7.7445  0.0116793
7.74775  0.0116699
7.751  0.0116606
7.75425  0.0116513
7.7575  0.011642
7.76075  0.0116326
7.764  0.0116234
7.76725  0.0116141
7.7705  0.0116048
7.77375  0.0115955
7.777  0.0115863
7.78025  0.011577
7.7835  0.0115678
7.78675  0.0115586
7.79  0.0115494
7.79325  0.0115402
7.7965  0.011531
7.79975  0.0115218
7.803  0.0115127
7.80625  0.0115035
7.8095  0.0114944
7.81275  0.0114852
7.816  0.0114761
7.81925  0.011467
7.8225  0.0114579
7.82575  0.0114488
7.829  0.0114397
7.83225  0.0114307
7.8355  0.0114216
7.83875  0.0114125
7.842  0.0114035
7.84525  0.0113945
7.8485  0.0113855
7.85175  0.0113764
7.855  0.0113674
7.85825  0.0113585
7.8615  0.0113495
7.86475  0.0113405
7.868  0.0113316
7.87125  0.0113226
7.8745  0.0113137
7.87775  0.0113047
7.881  0.0112958
7.88425  0.0112869
7.8875  0.011278
7.89075  0.0112691
7.894  0.0112603
7.89725  0.0112514
7.9005  0.0112425
7.90375  0.0112337
7.907  0.0112249
7.91025  0.011216
7.9135  0.0112072
7.91675  0.0111984
7.92  0.0111896
7.92325  0.0111808
7.9265  0.0111721
7.92975  0.0111633
7.933  0.0111545
7.93625  0.0111458
7.9395  0.0111371
7.94275  0.0111283
7.946  0.0111196
7.94925  0.0111109
7.9525  0.0111022
7.95575  0.0110935
7.959  0.0110849
7.96225  0.0110762
7.9655  0.0110675
7.96875  0.0110589
7.972  0.0110503
7.97525  0.0110416
7.9785  0.011033
7.98175  0.0110244
7.985  0.0110158
7.98825  0.0110072
7.9915  0.0109987
7.99475  0.0109901
7.998  0.0109815
8.00125  0.010973
8.0045  0.0109644
8.00775  0.0109559
8.011  0.0109474
8.01425  0.0109389
8.0175  0.0109304
8.02075  0.0109219
8.024  0.0109134
8.02725  0.0109049
8.0305  0.0108965
8.03375  0.010888
8.037  0.0108796
8.04025  0.0108711
8.0435  0.0108627
8.04675  0.0108543
8.05  0.0108459
8.05325  0.0108375
8.0565  0.0108291
8.05975  0.0108207
8.063  0.0108124
8.06625  0.010804
8.0695  0.0107957
8.07275  0.0107873
8.076  0.010779
8.07925  0.0107707
8.0825  0.0107624
8.08575  0.0107541
8.089  0.0107458
8.09225  0.0107375
8.0955  0.0107292
8.09875  0.010721
8.102  0.0107127
8.10525  0.0107045
8.1085  0.0106962
8.11175  0.010688
8.115  0.0106798
8.11825  0.0106716
8.1215  0.0106634
8.12475  0.0106552
8.128  0.010647
8.13125  0.0106388
8.1345  0.0106306
8.13775  0.0106225
8.141  0.0106143
8.14425  0.0106062
8.1475  0.0105981
8.15075  0.01059
8.154  0.0105819
8.15725  0.0105738
8.1605  0.0105657
8.16375  0.0105576
8.167  0.0105495
8.17025  0.0105414
8.1735  0.0105334
8.17675  0.0105253
8.18  0.0105173
8.18325  0.0105093
8.1865  0.0105013
8.18975  0.0104932
8.193  0.0104852
8.19625  0.0104773
8.1995  0.0104693
8.20275  0.0104613
8.206  0.0104533
8.20925  0.0104454
8.2125  0.0104374
8.21575  0.0104295
8.219  0.0104216
8.22225  0.0104136
8.2255  0.0104057
8.22875  0.0103978
8.232  0.0103899
8.23525  0.010382
8.2385  0.0103741
8.24175  0.0103663
8.245  0.0103584
8.24825  0.0103506
8.2515  0.0103427
8.25475  0.0103349
8.258  0.0103271
8.26125  0.0103192
8.2645  0.0103114
8.26775  0.0103036
8.271  0.0102958
8.27425  0.0102881
8.2775  0.0102803
8.28075  0.0102725
8.284  0.0102648
8.28725  0.010257
8.2905  0.0102493
8.29375  0.0102415
8.297  0.0102338
8.30025  0.0102261
8.3035  0.0102184
8.30675  0.0102107
8.31  0.010203
8.31325  0.0101953
8.3165  0.0101876
8.31975  0.01018
8.323  0.0101723
8.32625  0.0101647
8.3295  0.010157
8.33275  0.0101494
8.336  0.0101418
8.33925  0.0101342
8.3425  0.0101266
8.34575  0.010119
8.349  0.0101114
8.35225  0.0101038
8.3555  0.0100962
8.35875  0.0100887
8.362  0.0100811
8.36525  0.0100735
8.3685  0.010066
8.37175  0.0100585
8.375  0.010051
8.37825  0.0100434
8.3815  0.0100359
8.38475  0.0100284
8.388  0.0100209
8.39125  0.0100135
8.3945  0.010006
8.39775  0.00999852
8.401  0.00999106
8.40425  0.00998361
8.4075  0.00997617
8.41075  0.00996873
8.414  0.00996131
8.41725  0.00995389
8.4205  0.00994648
8.42375  0.00993908
8.427  0.00993168
8.43025  0.0099243
8.4335  0.00991692
8.43675  0.00990955
8.44  0.00990219
8.44325  0.00989483
8.4465  0.00988749
8.44975  0.00988015
8.453  0.00987282
8.45625  0.0098655
8.4595  0.00985818
8.46275  0.00985088
8.466  0.00984358
8.46925  0.00983629
8.4725  0.00982901
8.47575  0.00982173
8.479  0.00981446
8.48225  0.00980721
8.4855  0.00979995
8.48875  0.00979271
8.492  0.00978548
8.49525  0.00977825
8.4985  0.00977103
8.50175  0.00976382
8.505  0.00975661
8.50825  0.00974941
8.5115  0.00974223
8.51475  0.00973504
8.518  0.00972787
8.52125  0.0097207
8.5245  0.00971355
8.52775  0.0097064
8.531  0.00969925
8.53425  0.00969212
8.5375  0.00968499
8.54075  0.00967787
8.544  0.00967076
8.54725  0.00966365
8.5505  0.00965656
8.55375  0.00964947
8.557  0.00964239
8.56025  0.00963531
8.5635  0.00962825
8.56675  0.00962119
8.57  0.00961414
8.57325  0.00960709
8.5765  0.00960006
8.57975  0.00959303
8.583  0.00958601
8.58625  0.00957899
8.5895  0.00957199
8.59275  0.00956499
8.596  0.009558
8.59925  0.00955101
8.6025  0.00954403
8.60575  0.00953707
8.609  0.0095301
8.61225  0.00952315
8.6155  0.0095162
8.61875  0.00950926
8.622  0.00950233
8.62525  0.00949541
8.6285  0.00948849
8.63175  0.00948158
8.635  0.00947468
8.63825  0.00946778
8.6415  0.00946089
8.64475  0.00945401
8.648  0.00944714
8.65125  0.00944027
8.6545  0.00943342
8.65775  0.00942656
8.661  0.00941972
8.66425  0.00941288
8.6675  0.00940605
8.67075  0.00939923
8.674  0.00939242
8.67725  0.00938561
8.6805  0.00937881
8.68375  0.00937201
8.687  0.00936523
8.69025  0.00935845
8.6935  0.00935168
8.69675  0.00934491
8.7  0.00933815
8.70325  0.0093314
8.7065  0.00932466
8.70975  0.00931792
8.713  0.00931119
8.71625  0.00930447
8.7195  0.00929776
8.72275  0.00929105
8.726  0.00928435
8.72925  0.00927765
8.7325  0.00927097
8.73575  0.00926429
8.739  0.00925761
8.74225  0.00925095
8.7455  0.00924429
8.74875  0.00923764
8.752  0.00923099
8.75525  0.00922436
8.7585  0.00921773
8.76175  0.0092111
8.765  0.00920448
8.76825  0.00919787
8.7715  0.00919127
8.77475  0.00918468
8.778  0.00917809
8.78125  0.0091715
8.7845  0.00916493
8.78775  0.00915836
8.791  0.0091518
8.79425  0.00914524
8.7975  0.0091387
8.80075  0.00913216
8.804  0.00912562
8.80725  0.00911909
8.8105  0.00911257
8.81375  0.00910606
8.817  0.00909955
8.82025  0.00909305
8.8235  0.00908656
8.82675  0.00908007
8.83  0.00907359
8.83325  0.00906712
8.8365  0.00906066
8.83975  0.0090542
8.843  0.00904774
8.84625  0.0090413
8.8495  0.00903486
8.85275  0.00902843
8.856  0.009022
8.85925  0.00901558
8.8625  0.00900917
8.86575  0.00900276
8.869  0.00899636
8.87225  0.00898997
8.8755  0.00898358
8.87875  0.00897721
8.882  0.00897083
8.88525  0.00896447
8.8885  0.00895811
8.89175  0.00895175
8.895  0.00894541
8.89825  0.00893907
8.9015  0.00893274
8.90475  0.00892641
8.908  0.00892009
8.91125  0.00891378
8.9145  0.00890747
8.91775  0.00890117
8.921  0.00889488
8.92425  0.00888859
8.9275  0.00888231
8.93075  0.00887603
8.934  0.00886976
8.93725  0.0088635
8.9405  0.00885725
8.94375  0.008851
8.947  0.00884476
8.95025  0.00883852
8.9535  0.00883229
8.95675  0.00882607
8.96  0.00881985
8.96325  0.00881365
8.9665  0.00880744
8.96975  0.00880124
8.973  0.00879505
8.97625  0.00878887
8.9795  0.00878269
8.98275  0.00877652
8.986  0.00877035
8.98925  0.0087642
8.9925  0.00875804
8.99575  0.0087519
8.999  0.00874576
9.00225  0.00873962
9.0055  0.0087335
9.00875  0.00872738
9.012  0.00872126
9.01525  0.00871515
9.0185  0.00870905
9.02175  0.00870295
9.025  0.00869686
9.02825  0.00869078
9.0315  0.0086847
9.03475  0.00867863
9.038  0.00867257
9.04125  0.00866651
9.0445  0.00866046
9.04775  0.00865441
9.051  0.00864837
9.05425  0.00864234
9.0575  0.00863631
9.06075  0.00863029
9.064  0.00862427
9.06725  0.00861826
9.0705  0.00861226
9.07375  0.00860626
9.077  0.00860027
9.08025  0.00859429
9.0835  0.00858831
9.08675  0.00858233
9.09  0.00857637
9.09325  0.00857041
9.0965  0.00856445
9.09975  0.0085585
9.103  0.00855256
9.10625  0.00854663
9.1095  0.0085407
9.11275  0.00853477
9.116  0.00852885
9.11925  0.00852294
9.1225  0.00851704
9.12575  0.00851114
9.129  0.00850524
9.13225  0.00849935
9.1355  0.00849347
9.13875  0.00848759
9.142  0.00848172
9.14525  0.00847586
9.1485  0.00847
9.15175  0.00846415
9.155  0.0084583
9.15825  0.00845246
9.1615  0.00844663
9.16475  0.0084408
9.168  0.00843497
9.17125  0.00842916
9.1745  0.00842335
9.17775  0.00841754
9.181  0.00841174
9.18425  0.00840595
9.1875  0.00840016
9.19075  0.00839438
9.194  0.0083886
9.19725  0.00838283
9.2005  0.00837707
9.20375  0.00837131
9.207  0.00836556
9.21025  0.00835981
9.2135  0.00835407
9.21675  0.00834833
9.22  0.0083426
9.22325  0.00833688
9.2265  0.00833116
9.22975  0.00832545
9.233  0.00831974
9.23625  0.00831404
9.2395  0.00830835
9.24275  0.00830266
9.246  0.00829697
9.24925  0.00829129
9.2525  0.00828562
9.25575  0.00827995
9.259  0.00827429
9.26225  0.00826864
9.2655  0.00826299
9.26875  0.00825734
9.272  0.00825171
9.27525  0.00824607
9.2785  0.00824045
9.28175  0.00823482
9.285  0.00822921
9.28825  0.0082236
9.2915  0.00821799
9.29475  0.0082124
9.298  0.0082068
9.30125  0.00820121
9.3045  0.00819563
9.30775  0.00819005
9.311  0.00818448
9.31425  0.00817892
9.3175  0.00817336
9.32075  0.0081678
9.324  0.00816225
9.32725  0.00815671
9.3305  0.00815117
9.33375  0.00814564
9.337  0.00814011
9.34025  0.00813459
9.3435  0.00812908
9.34675  0.00812357
9.35  0.00811806
9.35325  0.00811256
9.3565  0.00810707
9.35975  0.00810158
9.363  0.0080961
9.36625  0.00809062
9.3695  0.00808515
9.37275  0.00807968
9.376  0.00807422
9.37925  0.00806876
9.3825  0.00806331
9.38575  0.00805787
9.389  0.00805243
9.39225  0.00804699
9.3955  0.00804156
9.39875  0.00803614
9.402  0.00803072
9.40525  0.00802531
9.4085  0.0080199
9.41175  0.0080145
9.415  0.0080091
9.41825  0.00800371
9.4215  0.00799832
9.42475  0.00799294
9.428  0.00798757
9.43125  0.0079822
9.4345  0.00797683
9.43775  0.00797147
9.441  0.00796612
9.44425  0.00796077
9.4475  0.00795543
9.45075  0.00795009
9.454  0.00794475
9.45725  0.00793943
9.4605  0.0079341
9.46375  0.00792879
9.467  0.00792347
9.47025  0.00791817
9.4735  0.00791286
9.47675  0.00790757
9.48  0.00790228
9.48325  0.00789699
9.4865  0.00789171
9.48975  0.00788643
9.493  0.00788116
9.49625  0.0078759
9.4995  0.00787064
9.50275  0.00786538
9.506  0.00786013
9.50925  0.00785489
9.5125  0.00784965
9.51575  0.00784441
9.519  0.00783918
9.52225  0.00783396
9.5255  0.00782874
9.52875  0.00782352
9.532  0.00781831
9.53525  0.00781311
9.5385  0.00780791
9.54175  0.00780272
9.545  0.00779753
9.54825  0.00779235
9.5515  0.00778717
9.55475  0.00778199
9.558  0.00777682
9.56125  0.00777166
9.5645  0.0077665
9.56775  0.00776135
9.571  0.0077562
9.57425  0.00775106
9.5775  0.00774592
9.58075  0.00774079
9.584  0.00773566
9.58725  0.00773053
9.5905  0.00772541
9.59375  0.0077203
9.597  0.00771519
9.60025  0.00771009
9.6035  0.00770499
9.60675  0.0076999
9.61  0.00769481
9.61325  0.00768972
9.6165  0.00768465
9.61975  0.00767957
9.623  0.0076745
9.62625  0.00766944
9.6295  0.00766438
9.63275  0.00765933
9.636  0.00765428
9.63925  0.00764923
9.6425  0.00764419
9.64575  0.00763916
9.649  0.00763413
9.65225  0.0076291
9.6555  0.00762408
9.65875  0.00761907
9.662  0.00761406
9.66525  0.00760905
9.6685  0.00760405
9.67175  0.00759905
9.675  0.00759406
9.67825  0.00758908
9.6815  0.0075841
9.68475  0.00757912
9.688  0.00757415
9.69125  0.00756918
9.6945  0.00756422
9.69775  0.00755926
9.701  0.00755431
9.70425  0.00754936
9.7075  0.00754442
9.71075  0.00753948
9.714  0.00753454
9.71725  0.00752962
9.7205  0.00752469
9.72375  0.00751977
9.727  0.00751486
9.73025  0.00750995
9.7335  0.00750504
9.73675  0.00750014
9.74  0.00749524
9.74325  0.00749035
9.7465  0.00748547
9.74975  0.00748059
9.753  0.00747571
9.75625  0.00747084
9.7595  0.00746597
9.76275  0.0074611
9.766  0.00745625
9.76925  0.00745139
9.7725  0.00744654
9.77575  0.0074417
9.779  0.00743686
9.78225  0.00743202
9.7855  0.00742719
9.78875  0.00742237
9.792  0.00741755
9.79525  0.00741273
9.7985  0.00740792
9.80175  0.00740311
9.805  0.00739831
9.80825  0.00739351
9.8115  0.00738871
9.81475  0.00738392
9.818  0.00737914
9.82125  0.00737436
9.8245  0.00736958
9.82775  0.00736481
9.831  0.00736005
9.83425  0.00735528
9.8375  0.00735053
9.84075  0.00734577
9.844  0.00734102
9.84725  0.00733628
9.8505  0.00733154
9.85375  0.00732681
9.857  0.00732208
9.86025  0.00731735
9.8635  0.00731263
9.86675  0.00730791
9.87  0.0073032
9.87325  0.00729849
9.8765  0.00729379
9.87975  0.00728909
9.883  0.00728439
9.88625  0.0072797
9.8895  0.00727502
9.89275  0.00727034
9.896  0.00726566
9.89925  0.00726099
9.9025  0.00725632
9.90575  0.00725165
9.909  0.00724699
9.91225  0.00724234
9.9155  0.00723769
9.91875  0.00723304
9.922  0.0072284
9.92525  0.00722376
9.9285  0.00721913
9.93175  0.0072145
9.935  0.00720988
9.93825  0.00720526
9.9415  0.00720064
9.94475  0.00719603
9.948  0.00719143
9.95125  0.00718682
9.9545  0.00718222
9.95775  0.00717763
9.961  0.00717304
9.96425  0.00716846
9.9675  0.00716388
9.97075  0.0071593
9.974  0.00715473
9.97725  0.00715016
9.9805  0.0071456
9.98375  0.00714104
9.987  0.00713648
9.99025  0.00713193
9.9935  0.00712738
9.99675  0.00712284
