0.25  0.0774433
0.25325  0.0876395
0.2565  0.108765
0.25975  0.136288
0.263  0.165328
0.26625  0.191424
0.2695  0.21109
0.27275  0.222118
0.276  0.223644
0.27925  0.216034
0.2825  0.200644
0.28575  0.179506
0.289  0.155005
0.29225  0.129581
0.2955  0.105478
0.29875  0.0845674
0.302  0.0682319
0.30525  0.0573225
0.3085  0.0521658
0.31175  0.0526161
0.315  0.0581353
0.31825  0.0678899
0.3215  0.0808519
0.32475  0.0958968
0.328  0.111891
0.33125  0.127764
0.3345  0.142567
0.33775  0.155507
0.341  0.165977
0.34425  0.173558
0.3475  0.17802
0.35075  0.179306
0.354  0.177513
0.35725  0.17287
0.3605  0.165704
0.36375  0.156421
0.367  0.145472
0.37025  0.133332
0.3735  0.120478
0.37675  0.107369
0.38  0.0944321
0.38325  0.0820496
0.3865  0.0705523
0.38975  0.0602135
0.393  0.0512471
0.39625  0.0438077
0.3995  0.0379925
0.40275  0.0338455
0.406  0.0313616
0.40925  0.0304927
0.4125  0.0311539
0.41575  0.0332299
0.419  0.036581
0.42225  0.0410498
0.4255  0.0464664
0.42875  0.0526544
0.432  0.0594352
0.43525  0.0666325
0.4385  0.0740757
0.44175  0.0816032
0.445  0.0890645
0.44825  0.0963223
0.4515  0.103254
0.45475  0.109751
0.458  0.115722
0.46125  0.121092
0.4645  0.125799
0.46775  0.129798
0.471  0.133058
0.47425  0.135561
0.4775  0.137302
0.48075  0.138288
0.484  0.138534
0.48725  0.138065
0.4905  0.136914
0.49375  0.13512
0.497  0.132728
0.50025  0.129787
0.5035  0.126348
0.50675  0.122467
0.51  0.118198
0.51325  0.113598
0.5165  0.108724
0.51975  0.10363
0.523  0.0983708
0.52625  0.0929981
0.5295  0.0875621
0.53275  0.08211
0.536  0.0766863
0.53925  0.0713323
0.5425  0.0660863
0.54575  0.0609831
0.549  0.0560542
0.55225  0.0513278
0.5555  0.0468285
0.55875  0.0425779
0.562  0.0385941
0.56525  0.0348923
0.5685  0.0314846
0.57175  0.0283803
0.575  0.0255859
0.57825  0.0231056
0.5815  0.020941
0.58475  0.0190915
0.588  0.0175548
0.59125  0.0163264
0.5945  0.0154003
0.59775  0.0147691
0.601  0.0144238
0.60425  0.0143545
0.6075  0.0145501
0.61075  0.0149987
0.614  0.0156878
0.61725  0.0166041
0.6205  0.017734
0.62375  0.0190634
0.627  0.020578
0.63025  0.0222635
0.6335  0.0241053
0.63675  0.0260891
0.64  0.0282006
0.64325  0.0304255
0.6465  0.03275
0.64975  0.0351606
0.653  0.0376439
0.65625  0.0401872
0.6595  0.0427779
0.66275  0.0454041
0.666  0.0480542
0.66925  0.0507174
0.6725  0.053383
0.67575  0.0560412
0.679  0.0586826
0.68225  0.0612982
0.6855  0.0638798
0.68875  0.0664196
0.692  0.0689103
0.69525  0.0713453
0.6985  0.0737184
0.70175  0.0760238
0.705  0.0782566
0.70825  0.080412
0.7115  0.0824858
0.71475  0.0844743
0.718  0.0863742
0.72125  0.0881828
0.7245  0.0898976
0.72775  0.0915165
0.731  0.093038
0.73425  0.0944606
0.7375  0.0957835
0.74075  0.0970061
0.744  0.098128
0.74725  0.0991492
0.7505  0.10007
0.75375  0.100891
0.757  0.101612
0.76025  0.102236
0.7635  0.102762
0.76675  0.103192
0.77  0.103528
0.77325  0.103772
0.7765  0.103925
0.77975  0.103989
0.783  0.103966
0.78625  0.103859
0.7895  0.10367
0.79275  0.1034
0.796  0.103053
0.79925  0.102632
0.8025  0.102137
0.80575  0.101573
0.809  0.100942
0.81225  0.100246
0.8155  0.0994881
0.81875  0.098671
0.822  0.0977974
0.82525  0.0968698
0.8285  0.095891
0.83175  0.0948636
0.835  0.0937903
0.83825  0.0926736
0.8415  0.0915162
0.84475  0.0903206
0.848  0.0890893
0.85125  0.0878248
0.8545  0.0865295
0.85775  0.0852058
0.861  0.0838561
0.86425  0.0824827
0.8675  0.0810877
0.87075  0.0796734
0.874  0.0782419
0.87725  0.0767954
0.8805  0.0753357
0.88375  0.073865
0.887  0.0723851
0.89025  0.0708978
0.8935  0.069405
0.89675  0.0679083
0.9  0.0664096
0.90325  0.0649103
0.9065  0.0634121
0.90975  0.0619164
0.913  0.0604247
0.91625  0.0589383
0.9195  0.0574587
0.92275  0.0559871
0.926  0.0545246
0.92925  0.0530726
0.9325  0.051632
0.93575  0.0502039
0.939  0.0487894
0.94225  0.0473894
0.9455  0.0460048
0.94875  0.0446365
0.952  0.0432852
0.95525  0.0419518
0.9585  0.040637
0.96175  0.0393413
0.965  0.0380656
0.96825  0.0368103
0.9715  0.035576
0.97475  0.0343632
0.978  0.0331724
0.98125  0.032004
0.9845  0.0308585
0.98775  0.0297361
0.991  0.0286372
0.99425  0.0275621
0.9975  0.026511
1.00075  0.0254842
1.004  0.024482
1.00725  0.0235044
1.0105  0.0225516
1.01375  0.0216237
1.017  0.0207209
1.02025  0.0198431
1.0235  0.0189905
1.02675  0.0181631
1.03  0.0173608
1.03325  0.0165837
1.0365  0.0158317
1.03975  0.0151048
1.043  0.0144028
1.04625  0.0137257
1.0495  0.0130734
1.05275  0.0124458
1.056  0.0118427
1.05925  0.0112639
1.0625  0.0107093
1.06575  0.0101788
1.069  0.0096721
1.07225  0.00918903
1.0755  0.00872937
1.07875  0.0082929
1.082  0.0078794
1.08525  0.00748862
1.0885  0.00712032
1.09175  0.00677424
1.095  0.00645011
1.09825  0.00614767
1.1015  0.00586663
1.10475  0.00560673
1.108  0.00536767
1.11125  0.00514916
1.1145  0.00495091
1.11775  0.00477261
1.121  0.00461397
1.12425  0.00447467
1.1275  0.00435442
1.13075  0.0042529
1.134  0.00416979
1.13725  0.00410478
1.1405  0.00405757
1.14375  0.00402782
1.147  0.00401522
1.15025  0.00401946
1.1535  0.00404021
1.15675  0.00407716
1.16  0.00412999
1.16325  0.00419838
1.1665  0.00428201
1.16975  0.00438057
1.173  0.00449375
1.17625  0.00462122
1.1795  0.00476268
1.18275  0.00491781
1.186  0.00508631
1.18925  0.00526787
1.1925  0.00546218
1.19575  0.00566894
1.199  0.00588785
1.20225  0.00611861
1.2055  0.00636092
1.20875  0.0066145
1.212  0.00687905
1.21525  0.00715428
1.2185  0.00743991
1.22175  0.00773566
1.225  0.00804124
1.22825  0.00835638
1.2315  0.00868081
1.23475  0.00901426
1.238  0.00935646
1.24125  0.00970715
1.2445  0.0100661
1.24775  0.010433
1.251  0.0108076
1.25425  0.0111897
1.2575  0.011579
1.26075  0.0119753
1.264  0.0123783
1.26725  0.0127878
1.2705  0.0132036
1.27375  0.0136255
1.277  0.0140532
1.28025  0.0144865
1.2835  0.0149251
1.28675  0.015369
1.29  0.0158178
1.29325  0.0162713
1.2965  0.0167294
1.29975  0.0171918
1.303  0.0176584
1.30625  0.0181289
1.3095  0.0186032
1.31275  0.0190811
1.316  0.0195623
1.31925  0.0200468
1.3225  0.0205343
1.32575  0.0210247
1.329  0.0215178
1.33225  0.0220134
1.3355  0.0225113
1.33875  0.0230115
1.342  0.0235137
1.34525  0.0240178
1.3485  0.0245237
1.35175  0.0250312
1.355  0.0255401
1.35825  0.0260503
1.3615  0.0265617
1.36475  0.0270741
1.368  0.0275875
1.37125  0.0281016
1.3745  0.0286163
1.37775  0.0291316
1.381  0.0296473
1.38425  0.0301633
1.3875  0.0306795
1.39075  0.0311957
1.394  0.0317118
1.39725  0.0322278
1.4005  0.0327436
1.40375  0.033259
1.407  0.0337739
1.41025  0.0342882
1.4135  0.0348019
1.41675  0.0353148
1.42  0.0358269
1.42325  0.0363381
1.4265  0.0368483
1.42975  0.0373573
1.433  0.0378652
1.43625  0.0383718
1.4395  0.0388771
1.44275  0.039381
1.446  0.0398834
1.44925  0.0403843
1.4525  0.0408835
1.45575  0.0413811
1.459  0.0418769
1.46225  0.0423709
1.4655  0.042863
1.46875  0.0433532
1.472  0.0438414
1.47525  0.0443275
1.4785  0.0448116
1.48175  0.0452935
1.485  0.0457732
1.48825  0.0462506
1.4915  0.0467258
1.49475  0.0471986
1.498  0.0476691
1.50125  0.0481371
1.5045  0.0486026
1.50775  0.0490657
1.511  0.0495262
1.51425  0.0499841
1.5175  0.0504394
1.52075  0.050892
1.524  0.051342
1.52725  0.0517893
1.5305  0.0522338
1.53375  0.0526755
1.537  0.0531145
1.54025  0.0535506
1.5435  0.0539839
1.54675  0.0544143
1.55  0.0548418
1.55325  0.0552664
1.5565  0.055688
1.55975  0.0561067
1.563  0.0565225
1.56625  0.0569352
1.5695  0.0573449
1.57275  0.0577516
1.576  0.0581553
1.57925  0.0585559
1.5825  0.0589534
1.58575  0.0593479
1.589  0.0597393
1.59225  0.0601276
1.5955  0.0605127
1.59875  0.0608948
1.602  0.0612737
1.60525  0.0616495
1.6085  0.0620222
1.61175  0.0623917
1.615  0.0627581
1.61825  0.0631213
1.6215  0.0634814
1.62475  0.0638383
1.628  0.0641921
1.63125  0.0645427
1.6345  0.0648901
1.63775  0.0652344
1.641  0.0655755
1.64425  0.0659135
1.6475  0.0662483
1.65075  0.0665799
1.654  0.0669084
1.65725  0.0672337
1.6605  0.0675559
1.66375  0.0678749
1.667  0.0681908
1.67025  0.0685036
1.6735  0.0688132
1.67675  0.0691197
1.68  0.0694231
1.68325  0.0697234
1.6865  0.0700205
1.68975  0.0703146
1.693  0.0706056
1.69625  0.0708935
1.6995  0.0711783
1.70275  0.07146
1.706  0.0717387
1.70925  0.0720144
1.7125  0.072287
1.71575  0.0725566
1.719  0.0728231
1.72225  0.0730867
1.7255  0.0733473
1.72875  0.0736048
1.732  0.0738594
1.73525  0.0741111
1.7385  0.0743598
1.74175  0.0746055
1.745  0.0748483
1.74825  0.0750882
1.7515  0.0753252
1.75475  0.0755593
1.758  0.0757906
1.76125  0.0760189
1.7645  0.0762445
1.76775  0.0764671
1.771  0.076687
1.77425  0.0769041
1.7775  0.0771183
1.78075  0.0773298
1.784  0.0775385
1.78725  0.0777444
1.7905  0.0779476
1.79375  0.0781481
1.797  0.0783459
1.80025  0.078541
1.8035  0.0787334
1.80675  0.0789231
1.81  0.0791102
1.81325  0.0792946
1.8165  0.0794765
1.81975  0.0796557
1.823  0.0798323
1.82625  0.0800064
1.8295  0.0801779
1.83275  0.0803468
1.836  0.0805133
1.83925  0.0806772
1.8425  0.0808386
1.84575  0.0809975
1.849  0.081154
1.85225  0.081308
1.8555  0.0814596
1.85875  0.0816088
1.862  0.0817555
1.86525  0.0818999
1.8685  0.0820419
1.87175  0.0821816
1.875  0.0823189
1.87825  0.0824539
1.8815  0.0825866
1.88475  0.082717
1.888  0.0828451
1.89125  0.0829709
1.8945  0.0830945
1.89775  0.0832159
1.901  0.0833351
1.90425  0.0834521
1.9075  0.0835669
1.91075  0.0836795
1.914  0.08379
1.91725  0.0838983
1.9205  0.0840046
1.92375  0.0841087
1.927  0.0842107
1.93025  0.0843107
1.9335  0.0844086
1.93675  0.0845045
1.94  0.0845983
1.94325  0.0846902
1.9465  0.08478
1.94975  0.0848679
1.953  0.0849538
1.95625  0.0850378
1.9595  0.0851198
1.96275  0.0851999
1.966  0.0852781
1.96925  0.0853545
1.9725  0.0854289
1.97575  0.0855015
1.979  0.0855723
1.98225  0.0856412
1.9855  0.0857083
1.98875  0.0857736
1.992  0.0858372
1.99525  0.0858989
1.9985  0.085959
2.00175  0.0860172
2.005  0.0860738
2.00825  0.0861286
2.0115  0.0861818
2.01475  0.0862332
2.018  0.086283
2.02125  0.0863312
2.0245  0.0863777
2.02775  0.0864226
2.031  0.0864659
2.03425  0.0865075
2.0375  0.0865476
2.04075  0.0865861
2.044  0.0866231
2.04725  0.0866585
2.0505  0.0866924
2.05375  0.0867248
2.057  0.0867557
2.06025  0.0867851
2.0635  0.086813
2.06675  0.0868395
2.07  0.0868645
2.07325  0.086888
2.0765  0.0869102
2.07975  0.0869309
2.083  0.0869502
2.08625  0.0869682
2.0895  0.0869848
2.09275  0.087
2.096  0.0870139
2.09925  0.0870264
2.1025  0.0870376
2.10575  0.0870475
2.109  0.0870561
2.11225  0.0870635
2.1155  0.0870695
2.11875  0.0870743
2.122  0.0870778
2.12525  0.0870801
2.1285  0.0870812
2.13175  0.0870811
2.135  0.0870797
2.13825  0.0870772
2.1415  0.0870735
2.14475  0.0870686
2.148  0.0870625
2.15125  0.0870553
2.1545  0.087047
2.15775  0.0870376
2.161  0.087027
2.16425  0.0870154
2.1675  0.0870026
2.17075  0.0869888
2.174  0.0869739
2.17725  0.0869579
2.1805  0.0869409
2.18375  0.0869228
2.187  0.0869038
2.19025  0.0868837
2.1935  0.0868626
2.19675  0.0868405
2.2  0.0868174
2.20325  0.0867933
2.2065  0.0867683
2.20975  0.0867423
2.213  0.0867154
2.21625  0.0866875
2.2195  0.0866587
2.22275  0.086629
2.226  0.0865984
2.22925  0.0865669
2.2325  0.0865344
2.23575  0.0865011
2.239  0.086467
2.24225  0.086432
2.2455  0.0863961
2.24875  0.0863594
2.252  0.0863218
2.25525  0.0862834
2.2585  0.0862442
2.26175  0.0862042
2.265  0.0861634
2.26825  0.0861218
2.2715  0.0860794
2.27475  0.0860363
2.278  0.0859923
2.28125  0.0859477
2.2845  0.0859022
2.28775  0.0858561
2.291  0.0858092
2.29425  0.0857615
2.2975  0.0857132
2.30075  0.0856642
2.304  0.0856144
2.30725  0.085564
2.3105  0.0855128
2.31375  0.085461
2.317  0.0854086
2.32025  0.0853554
2.3235  0.0853017
2.32675  0.0852472
2.33  0.0851922
2.33325  0.0851364
2.3365  0.0850801
2.33975  0.0850232
2.343  0.0849656
2.34625  0.0849075
2.3495  0.0848487
2.35275  0.0847894
2.356  0.0847295
2.35925  0.084669
2.3625  0.0846079
2.36575  0.0845463
2.369  0.0844841
2.37225  0.0844214
2.3755  0.0843581
2.37875  0.0842943
2.382  0.0842299
2.38525  0.0841651
2.3885  0.0840997
2.39175  0.0840339
2.395  0.0839675
2.39825  0.0839006
2.4015  0.0838332
2.40475  0.0837654
2.408  0.0836971
2.41125  0.0836283
2.4145  0.083559
2.41775  0.0834893
2.421  0.0834191
2.42425  0.0833485
2.4275  0.0832774
2.43075  0.0832059
2.434  0.0831339
2.43725  0.0830616
2.4405  0.0829888
2.44375  0.0829156
2.447  0.082842
2.45025  0.082768
2.4535  0.0826936
2.45675  0.0826188
2.46  0.0825436
2.46325  0.082468
2.4665  0.0823921
2.46975  0.0823158
2.473  0.0822391
2.47625  0.082162
2.4795  0.0820846
2.48275  0.0820069
2.486  0.0819288
2.48925  0.0818503
2.4925  0.0817716
2.49575  0.0816924
2.499  0.081613
2.50225  0.0815332
2.5055  0.0814532
2.50875  0.0813728
2.512  0.0812921
2.51525  0.0812111
2.5185  0.0811298
2.52175  0.0810482
2.525  0.0809663
2.52825  0.0808841
2.5315  0.0808016
2.53475  0.0807189
2.538  0.0806359
2.54125  0.0805526
2.5445  0.0804691
2.54775  0.0803853
2.551  0.0803012
2.55425  0.0802169
2.5575  0.0801323
2.56075  0.0800475
2.564  0.0799625
2.56725  0.0798772
2.5705  0.0797917
2.57375  0.0797059
2.577  0.07962
2.58025  0.0795338
2.5835  0.0794474
2.58675  0.0793608
2.59  0.0792739
2.59325  0.0791869
2.5965  0.0790996
2.59975  0.0790122
2.603  0.0789246
2.60625  0.0788367
2.6095  0.0787487
2.61275  0.0786605
2.616  0.0785721
2.61925  0.0784836
2.6225  0.0783948
2.62575  0.0783059
2.629  0.0782169
2.63225  0.0781276
2.6355  0.0780382
2.63875  0.0779486
2.642  0.0778589
2.64525  0.077769
2.6485  0.077679
2.65175  0.0775889
2.655  0.0774986
2.65825  0.0774081
2.6615  0.0773175
2.66475  0.0772268
2.668  0.0771359
2.67125  0.077045
2.6745  0.0769538
2.67775  0.0768626
2.681  0.0767713
2.68425  0.0766798
2.6875  0.0765882
2.69075  0.0764965
2.694  0.0764047
2.69725  0.0763128
2.7005  0.0762208
2.70375  0.0761287
2.707  0.0760365
2.71025  0.0759442
2.7135  0.0758518
2.71675  0.0757593
2.72  0.0756667
2.72325  0.075574
2.7265  0.0754813
2.72975  0.0753885
2.733  0.0752956
2.73625  0.0752026
2.7395  0.0751095
2.74275  0.0750164
2.746  0.0749232
2.74925  0.0748299
2.7525  0.0747366
2.75575  0.0746432
2.759  0.0745498
2.76225  0.0744563
2.7655  0.0743627
2.76875  0.0742691
2.772  0.0741754
2.77525  0.0740817
2.7785  0.0739879
2.78175  0.0738941
2.785  0.0738003
2.78825  0.0737064
2.7915  0.0736125
2.79475  0.0735185
2.798  0.0734245
2.80125  0.0733305
2.8045  0.0732364
2.80775  0.0731423
2.811  0.0730482
2.81425  0.072954
2.8175  0.0728599
2.82075  0.0727657
2.824  0.0726715
2.82725  0.0725772
2.8305  0.072483
2.83375  0.0723887
2.837  0.0722945
2.84025  0.0722002
2.8435  0.0721059
2.84675  0.0720116
2.85  0.0719173
2.85325  0.071823
2.8565  0.0717286
2.85975  0.0716343
2.863  0.07154
2.86625  0.0714457
2.8695  0.0713514
2.87275  0.0712571
2.876  0.0711628
2.87925  0.0710685
2.8825  0.0709742
2.88575  0.07088
2.889  0.0707857
2.89225  0.0706915
2.8955  0.0705972
2.89875  0.070503
2.902  0.0704088
2.90525  0.0703147
2.9085  0.0702205
2.91175  0.0701264
2.915  0.0700323
2.91825  0.0699382
2.9215  0.0698441
2.92475  0.0697501
2.928  0.0696561
2.93125  0.0695622
2.9345  0.0694682
2.93775  0.0693743
2.941  0.0692805
2.94425  0.0691866
2.9475  0.0690928
2.95075  0.0689991
2.954  0.0689054
2.95725  0.0688117
2.9605  0.068718
2.96375  0.0686245
2.967  0.0685309
2.97025  0.0684374
2.9735  0.0683439
2.97675  0.0682505
2.98  0.0681572
2.98325  0.0680638
2.9865  0.0679706
2.98975  0.0678774
2.993  0.0677842
2.99625  0.0676911
2.9995  0.067598
3.00275  0.067505
3.006  0.0674121
3.00925  0.0673192
3.0125  0.0672263
3.01575  0.0671336
3.019  0.0670409
3.02225  0.0669482
3.0255  0.0668556
3.02875  0.0667631
3.032  0.0666706
3.03525  0.0665782
3.0385  0.0664859
3.04175  0.0663936
3.045  0.0663014
3.04825  0.0662093
3.0515  0.0661172
3.05475  0.0660252
3.058  0.0659333
3.06125  0.0658414
3.0645  0.0657496
3.06775  0.0656579
3.071  0.0655663
3.07425  0.0654747
3.0775  0.0653832
3.08075  0.0652918
3.084  0.0652004
3.08725  0.0651092
3.0905  0.065018
3.09375  0.0649269
3.097  0.0648358
3.10025  0.0647449
3.1035  0.064654
3.10675  0.0645632
3.11  0.0644725
3.11325  0.0643819
3.1165  0.0642914
3.11975  0.0642009
3.123  0.0641105
3.12625  0.0640202
3.1295  0.06393
3.13275  0.0638399
3.136  0.0637499
3.13925  0.0636599
3.1425  0.0635701
3.14575  0.0634803
3.149  0.0633906
3.15225  0.063301
3.1555  0.0632115
3.15875  0.0631221
3.162  0.0630328
3.16525  0.0629436
3.1685  0.0628544
3.17175  0.0627654
3.175  0.0626764
3.17825  0.0625876
3.1815  0.0624988
3.18475  0.0624102
3.188  0.0623216
3.19125  0.0622331
3.1945  0.0621447
3.19775  0.0620564
3.201  0.0619682
3.20425  0.0618802
3.2075  0.0617922
3.21075  0.0617043
3.214  0.0616165
3.21725  0.0615288
3.2205  0.0614412
3.22375  0.0613537
3.227  0.0612663
3.23025  0.061179
3.2335  0.0610918
3.23675  0.0610047
3.24  0.0609177
3.24325  0.0608308
3.2465  0.060744
3.24975  0.0606573
3.253  0.0605707
3.25625  0.0604843
3.2595  0.0603979
3.26275  0.0603116
3.266  0.0602254
3.26925  0.0601394
3.2725  0.0600534
3.27575  0.0599676
3.279  0.0598818
3.28225  0.0597962
3.2855  0.0597106
3.28875  0.0596252
3.292  0.0595399
3.29525  0.0594547
3.2985  0.0593696
3.30175  0.0592846
3.305  0.0591997
3.30825  0.0591149
3.3115  0.0590302
3.31475  0.0589457
3.318  0.0588612
3.32125  0.0587768
3.3245  0.0586926
3.32775  0.0586085
3.331  0.0585245
3.33425  0.0584406
3.3375  0.0583568
3.34075  0.0582731
3.344  0.0581895
3.34725  0.058106
3.3505  0.0580227
3.35375  0.0579394
3.357  0.0578563
3.36025  0.0577733
3.3635  0.0576904
3.36675  0.0576076
3.37  0.0575249
3.37325  0.0574423
3.3765  0.0573598
3.37975  0.0572775
3.383  0.0571953
3.38625  0.0571131
3.3895  0.0570311
3.39275  0.0569492
3.396  0.0568675
3.39925  0.0567858
3.4025  0.0567042
3.40575  0.0566228
3.409  0.0565415
3.41225  0.0564603
3.4155  0.0563792
3.41875  0.0562982
3.422  0.0562173
3.42525  0.0561366
3.4285  0.0560559
3.43175  0.0559754
3.435  0.055895
3.43825  0.0558147
3.4415  0.0557345
3.44475  0.0556545
3.448  0.0555745
3.45125  0.0554947
3.4545  0.055415
3.45775  0.0553354
3.461  0.0552559
3.46425  0.0551765
3.4675  0.0550973
3.47075  0.0550181
3.474  0.0549391
3.47725  0.0548602
3.4805  0.0547814
3.48375  0.0547027
3.487  0.0546242
3.49025  0.0545457
3.4935  0.0544674
3.49675  0.0543892
3.5  0.0543111
3.50325  0.0542332
3.5065  0.0541553
3.50975  0.0540776
3.513  0.0539999
3.51625  0.0539224
3.5195  0.053845
3.52275  0.0537678
3.526  0.0536906
3.52925  0.0536136
3.5325  0.0535366
3.53575  0.0534598
3.539  0.0533831
3.54225  0.0533066
3.5455  0.0532301
3.54875  0.0531538
3.552  0.0530775
3.55525  0.0530014
3.5585  0.0529254
3.56175  0.0528496
3.565  0.0527738
3.56825  0.0526982
3.5715  0.0526227
3.57475  0.0525472
3.578  0.052472
3.58125  0.0523968
3.5845  0.0523217
3.58775  0.0522468
3.591  0.052172
3.59425  0.0520973
3.5975  0.0520227
3.60075  0.0519482
3.604  0.0518738
3.60725  0.0517996
3.6105  0.0517255
3.61375  0.0516515
3.617  0.0515776
3.62025  0.0515038
3.6235  0.0514302
3.62675  0.0513566
3.63  0.0512832
3.63325  0.0512099
3.6365  0.0511367
3.63975  0.0510636
3.643  0.0509907
3.64625  0.0509178
3.6495  0.0508451
3.65275  0.0507725
3.656  0.0507
3.65925  0.0506276
3.6625  0.0505554
3.66575  0.0504832
3.669  0.0504112
3.67225  0.0503393
3.6755  0.0502675
3.67875  0.0501958
3.682  0.0501242
3.68525  0.0500528
3.6885  0.0499814
3.69175  0.0499102
3.695  0.0498391
3.69825  0.0497681
3.7015  0.0496972
3.70475  0.0496265
3.708  0.0495558
3.71125  0.0494853
3.7145  0.0494149
3.71775  0.0493446
3.721  0.0492744
3.72425  0.0492043
3.7275  0.0491344
3.73075  0.0490645
3.734  0.0489948
3.73725  0.0489252
3.7405  0.0488557
3.74375  0.0487863
3.747  0.048717
3.75025  0.0486479
3.7535  0.0485788
3.75675  0.0485099
3.76  0.0484411
3.76325  0.0483724
3.7665  0.0483038
3.76975  0.0482353
3.773  0.0481669
3.77625  0.0480987
3.7795  0.0480305
3.78275  0.0479625
3.786  0.0478946
3.78925  0.0478268
3.7925  0.0477591
3.79575  0.0476915
3.799  0.0476241
3.80225  0.0475567
3.8055  0.0474895
3.80875  0.0474223
3.812  0.0473553
3.81525  0.0472884
3.8185  0.0472216
3.82175  0.0471549
3.825  0.0470884
3.82825  0.0470219
3.8315  0.0469556
3.83475  0.0468893
3.838  0.0468232
3.84125  0.0467572
3.8445  0.0466913
3.84775  0.0466255
3.851  0.0465598
3.85425  0.0464942
3.8575  0.0464288
3.86075  0.0463634
3.864  0.0462982
3.86725  0.0462331
3.8705  0.046168
3.87375  0.0461031
3.877  0.0460383
3.88025  0.0459736
3.8835  0.045909
3.88675  0.0458446
3.89  0.0457802
3.89325  0.0457159
3.8965  0.0456518
3.89975  0.0455878
3.903  0.0455238
3.90625  0.04546
3.9095  0.0453963
3.91275  0.0453327
3.916  0.0452692
3.91925  0.0452058
3.9225  0.0451425
3.92575  0.0450793
3.929  0.0450163
3.93225  0.0449533
3.9355  0.0448905
3.93875  0.0448277
3.942  0.0447651
3.94525  0.0447025
3.9485  0.0446401
3.95175  0.0445778
3.955  0.0445156
3.95825  0.0444535
3.9615  0.0443915
3.96475  0.0443296
3.968  0.0442678
3.97125  0.0442061
3.9745  0.0441445
3.97775  0.044083
3.981  0.0440217
3.98425  0.0439604
3.9875  0.0438992
3.99075  0.0438382
3.994  0.0437772
3.99725  0.0437164
4.0005  0.0436557
4.00375  0.043595
4.007  0.0435345
4.01025  0.0434741
4.0135  0.0434137
4.01675  0.0433535
4.02  0.0432934
4.02325  0.0432334
4.0265  0.0431735
4.02975  0.0431137
4.033  0.043054
4.03625  0.0429943
4.0395  0.0429348
4.04275  0.0428755
4.046  0.0428162
4.04925  0.042757
4.0525  0.0426979
4.05575  0.0426389
4.059  0.04258
4.06225  0.0425212
4.0655  0.0424625
4.06875  0.0424039
4.072  0.0423455
4.07525  0.0422871
4.0785  0.0422288
4.08175  0.0421706
4.085  0.0421125
4.08825  0.0420545
4.0915  0.0419967
4.09475  0.0419389
4.098  0.0418812
4.10125  0.0418236
4.1045  0.0417661
4.10775  0.0417088
4.111  0.0416515
4.11425  0.0415943
4.1175  0.0415372
4.12075  0.0414802
4.124  0.0414233
4.12725  0.0413666
4.1305  0.0413099
4.13375  0.0412533
4.137  0.0411968
4.14025  0.0411404
4.1435  0.0410841
4.14675  0.0410279
4.15  0.0409718
4.15325  0.0409158
4.1565  0.0408599
4.15975  0.040804
4.163  0.0407483
4.16625  0.0406927
4.1695  0.0406372
4.17275  0.0405818
4.176  0.0405264
4.17925  0.0404712
4.1825  0.0404161
4.18575  0.040361
4.189  0.0403061
4.19225  0.0402512
4.1955  0.0401965
4.19875  0.0401418
4.202  0.0400872
4.20525  0.0400328
4.2085  0.0399784
4.21175  0.0399241
4.215  0.0398699
4.21825  0.0398158
4.2215  0.0397618
4.22475  0.0397079
4.228  0.0396541
4.23125  0.0396004
4.2345  0.0395467
4.23775  0.0394932
4.241  0.0394398
4.24425  0.0393864
4.2475  0.0393332
4.25075  0.03928
4.254  0.0392269
4.25725  0.039174
4.2605  0.0391211
4.26375  0.0390683
4.267  0.0390156
4.27025  0.038963
4.2735  0.0389104
4.27675  0.038858
4.28  0.0388057
4.28325  0.0387534
4.2865  0.0387013
4.28975  0.0386492
4.293  0.0385972
4.29625  0.0385454
4.2995  0.0384936
4.30275  0.0384419
4.306  0.0383903
4.30925  0.0383387
4.3125  0.0382873
4.31575  0.038236
4.319  0.0381847
4.32225  0.0381335
4.3255  0.0380825
4.32875  0.0380315
4.332  0.0379806
4.33525  0.0379298
4.3385  0.037879
4.34175  0.0378284
4.345  0.0377779
4.34825  0.0377274
4.3515  0.037677
4.35475  0.0376267
4.358  0.0375765
4.36125  0.0375264
4.3645  0.0374764
4.36775  0.0374265
4.371  0.0373766
4.37425  0.0373269
4.3775  0.0372772
4.38075  0.0372276
4.384  0.0371781
4.38725  0.0371287
4.3905  0.0370794
4.39375  0.0370301
4.397  0.036981
4.40025  0.0369319
4.4035  0.0368829
4.40675  0.036834
4.41  0.0367852
4.41325  0.0367364
4.4165  0.0366878
4.41975  0.0366392
4.423  0.0365907
4.42625  0.0365423
4.4295  0.036494
4.43275  0.0364458
4.436  0.0363977
4.43925  0.0363496
4.4425  0.0363016
4.44575  0.0362537
4.449  0.0362059
4.45225  0.0361582
4.4555  0.0361105
4.45875  0.036063
4.462  0.0360155
4.46525  0.0359681
4.4685  0.0359208
4.47175  0.0358736
4.475  0.0358264
4.47825  0.0357793
4.4815  0.0357323
4.48475  0.0356854
4.488  0.0356386
4.49125  0.0355919
4.4945  0.0355452
4.49775  0.0354986
4.501  0.0354521
4.50425  0.0354057
4.5075  0.0353594
4.51075  0.0353131
4.514  0.0352669
4.51725  0.0352208
4.5205  0.0351748
4.52375  0.0351288
4.527  0.035083
4.53025  0.0350372
4.5335  0.0349915
4.53675  0.0349459
4.54  0.0349003
4.54325  0.0348549
4.5465  0.0348095
4.54975  0.0347642
4.553  0.0347189
4.55625  0.0346738
4.5595  0.0346287
4.56275  0.0345837
4.566  0.0345388
4.56925  0.034494
4.5725  0.0344492
4.57575  0.0344045
4.579  0.0343599
4.58225  0.0343154
4.5855  0.0342709
4.58875  0.0342265
4.592  0.0341822
4.59525  0.034138
4.5985  0.0340939
4.60175  0.0340498
4.605  0.0340058
4.60825  0.0339619
4.6115  0.033918
4.61475  0.0338742
4.618  0.0338306
4.62125  0.0337869
4.6245  0.0337434
4.62775  0.0336999
4.631  0.0336565
4.63425  0.0336132
4.6375  0.03357
4.64075  0.0335268
4.644  0.0334837
4.64725  0.0334407
4.6505  0.0333977
4.65375  0.0333549
4.657  0.0333121
4.66025  0.0332693
4.6635  0.0332267
4.66675  0.0331841
4.67  0.0331416
4.67325  0.0330992
4.6765  0.0330568
4.67975  0.0330145
4.683  0.0329723
4.68625  0.0329301
4.6895  0.0328881
4.69275  0.0328461
4.696  0.0328042
4.69925  0.0327623
4.7025  0.0327205
4.70575  0.0326788
4.709  0.0326372
4.71225  0.0325956
4.7155  0.0325541
4.71875  0.0325127
4.722  0.0324713
4.72525  0.03243
4.7285  0.0323888
4.73175  0.0323477
4.735  0.0323066
4.73825  0.0322656
4.7415  0.0322247
4.74475  0.0321838
4.748  0.032143
4.75125  0.0321023
4.7545  0.0320617
4.75775  0.0320211
4.761  0.0319806
4.76425  0.0319401
4.7675  0.0318997
4.77075  0.0318594
4.774  0.0318192
4.77725  0.031779
4.7805  0.0317389
4.78375  0.0316989
4.787  0.0316589
4.79025  0.031619
4.7935  0.0315792
4.79675  0.0315395
4.8  0.0314998
4.80325  0.0314601
4.8065  0.0314206
4.80975  0.0313811
4.813  0.0313417
4.81625  0.0313023
4.8195  0.031263
4.82275  0.0312238
4.826  0.0311847
4.82925  0.0311456
4.8325  0.0311066
4.83575  0.0310676
4.839  0.0310287
4.84225  0.0309899
4.8455  0.0309511
4.84875  0.0309124
4.852  0.0308738
4.85525  0.0308353
4.8585  0.0307968
4.86175  0.0307583
4.865  0.03072
4.86825  0.0306817
4.8715  0.0306434
4.87475  0.0306053
4.878  0.0305672
4.88125  0.0305291
4.8845  0.0304912
4.88775  0.0304533
4.891  0.0304154
4.89425  0.0303776
4.8975  0.0303399
4.90075  0.0303023
4.904  0.0302647
4.90725  0.0302271
4.9105  0.0301897
4.91375  0.0301523
4.917  0.0301149
4.92025  0.0300777
4.9235  0.0300405
4.92675  0.0300033
4.93  0.0299662
4.93325  0.0299292
4.9365  0.0298922
4.93975  0.0298553
4.943  0.0298185
4.94625  0.0297817
4.9495  0.029745
4.95275  0.0297084
4.956  0.0296718
4.95925  0.0296353
4.9625  0.0295988
4.96575  0.0295624
4.969  0.029526
4.97225  0.0294898
4.9755  0.0294535
4.97875  0.0294174
4.982  0.0293813
4.98525  0.0293452
4.9885  0.0293093
4.99175  0.0292733
4.995  0.0292375
4.99825  0.0292017
5.0015  0.029166
5.00475  0.0291303
5.008  0.0290947
5.01125  0.0290591
5.0145  0.0290236
5.01775  0.0289882
5.021  0.0289528
5.02425  0.0289175
5.0275  0.0288822
5.03075  0.028847
5.034  0.0288119
5.03725  0.0287768
5.0405  0.0287418
5.04375  0.0287068
5.047  0.0286719
5.05025  0.028637
5.0535  0.0286022
5.05675  0.0285675
5.06  0.0285328
5.06325  0.0284982
5.0665  0.0284637
5.06975  0.0284292
5.073  0.0283947
5.07625  0.0283603
5.0795  0.028326
5.08275  0.0282917
5.086  0.0282575
5.08925  0.0282233
5.0925  0.0281892
5.09575  0.0281552
5.099  0.0281212
5.10225  0.0280873
5.1055  0.0280534
5.10875  0.0280196
5.112  0.0279858
5.11525  0.0279521
5.1185  0.0279185
5.12175  0.0278849
5.125  0.0278513
5.12825  0.0278178
5.1315  0.0277844
5.13475  0.027751
5.138  0.0277177
5.14125  0.0276845
5.1445  0.0276513
5.14775  0.0276181
5.151  0.027585
5.15425  0.027552
5.1575  0.027519
5.16075  0.027486
5.164  0.0274532
5.16725  0.0274203
5.1705  0.0273876
5.17375  0.0273549
5.177  0.0273222
5.18025  0.0272896
5.1835  0.027257
5.18675  0.0272245
5.19  0.0271921
5.19325  0.0271597
5.1965  0.0271273
5.19975  0.0270951
5.203  0.0270628
5.20625  0.0270306
5.2095  0.0269985
5.21275  0.0269664
5.216  0.0269344
5.21925  0.0269024
5.2225  0.0268705
5.22575  0.0268387
5.229  0.0268069
5.23225  0.0267751
5.2355  0.0267434
5.23875  0.0267117
5.242  0.0266801
5.24525  0.0266486
5.2485  0.0266171
5.25175  0.0265856
5.255  0.0265542
5.25825  0.0265229
5.2615  0.0264916
5.26475  0.0264603
5.268  0.0264292
5.27125  0.026398
5.2745  0.0263669
5.27775  0.0263359
5.281  0.0263049
5.28425  0.026274
5.2875  0.0262431
5.29075  0.0262122
5.294  0.0261814
5.29725  0.0261507
5.3005  0.02612
5.30375  0.0260894
5.307  0.0260588
5.31025  0.0260283
5.3135  0.0259978
5.31675  0.0259673
5.32  0.025937
5.32325  0.0259066
5.3265  0.0258763
5.32975  0.0258461
5.333  0.0258159
5.33625  0.0257858
5.3395  0.0257557
5.34275  0.0257256
5.346  0.0256956
5.34925  0.0256657
5.3525  0.0256358
5.35575  0.0256059
5.359  0.0255761
5.36225  0.0255464
5.3655  0.0255167
5.36875  0.025487
5.372  0.0254574
5.37525  0.0254279
5.3785  0.0253983
5.38175  0.0253689
5.385  0.0253395
5.38825  0.0253101
5.3915  0.0252808
5.39475  0.0252515
5.398  0.0252223
5.40125  0.0251931
5.4045  0.025164
5.40775  0.0251349
5.411  0.0251058
5.41425  0.0250768
5.4175  0.0250479
5.42075  0.025019
5.424  0.0249902
5.42725  0.0249613
5.4305  0.0249326
5.43375  0.0249039
5.437  0.0248752
5.44025  0.0248466
5.4435  0.024818
5.44675  0.0247895
5.45  0.024761
5.45325  0.0247326
5.4565  0.0247042
5.45975  0.0246758
5.463  0.0246475
5.46625  0.0246193
5.4695  0.0245911
5.47275  0.0245629
5.476  0.0245348
5.47925  0.0245067
5.4825  0.0244787
5.48575  0.0244507
5.489  0.0244228
5.49225  0.0243949
5.4955  0.024367
5.49875  0.0243392
5.502  0.0243114
5.50525  0.0242837
5.5085  0.0242561
5.51175  0.0242284
5.515  0.0242008
5.51825  0.0241733
5.5215  0.0241458
5.52475  0.0241183
5.528  0.0240909
5.53125  0.0240636
5.5345  0.0240363
5.53775  0.024009
5.541  0.0239817
5.54425  0.0239545
5.5475  0.0239274
5.55075  0.0239003
5.554  0.0238732
5.55725  0.0238462
5.5605  0.0238192
5.56375  0.0237923
5.567  0.0237654
5.57025  0.0237386
5.5735  0.0237118
5.57675  0.023685
5.58  0.0236583
5.58325  0.0236316
5.5865  0.023605
5.58975  0.0235784
5.593  0.0235518
5.59625  0.0235253
5.5995  0.0234988
5.60275  0.0234724
5.606  0.023446
5.60925  0.0234197
5.6125  0.0233934
5.61575  0.0233671
5.619  0.0233409
5.62225  0.0233147
5.6255  0.0232886
5.62875  0.0232625
5.632  0.0232364
5.63525  0.0232104
5.6385  0.0231845
5.64175  0.0231585
5.645  0.0231326
5.64825  0.0231068
5.6515  0.023081
5.65475  0.0230552
5.658  0.0230295
5.66125  0.0230038
5.6645  0.0229781
5.66775  0.0229525
5.671  0.022927
5.67425  0.0229014
5.6775  0.022876
5.68075  0.0228505
5.684  0.0228251
5.68725  0.0227997
5.6905  0.0227744
5.69375  0.0227491
5.697  0.0227239
5.70025  0.0226987
5.7035  0.0226735
5.70675  0.0226484
5.71  0.0226233
5.71325  0.0225982
5.7165  0.0225732
5.71975  0.0225482
5.723  0.0225233
5.72625  0.0224984
5.7295  0.0224736
5.73275  0.0224487
5.736  0.022424
5.73925  0.0223992
5.7425  0.0223745
5.74575  0.0223499
5.749  0.0223252
5.75225  0.0223006
5.7555  0.0222761
5.75875  0.0222516
5.762  0.0222271
5.76525  0.0222027
5.7685  0.0221783
5.77175  0.0221539
5.775  0.0221296
5.77825  0.0221053
5.7815  0.0220811
5.78475  0.0220569
5.788  0.0220327
5.79125  0.0220086
5.7945  0.0219845
5.79775  0.0219604
5.801  0.0219364
5.80425  0.0219124
5.8075  0.0218884
5.81075  0.0218645
5.814  0.0218407
5.81725  0.0218168
5.8205  0.021793
5.82375  0.0217693
5.827  0.0217455
5.83025  0.0217218
5.8335  0.0216982
5.83675  0.0216746
5.84  0.021651
5.84325  0.0216275
5.8465  0.0216039
5.84975  0.0215805
5.853  0.021557
5.85625  0.0215336
5.8595  0.0215103
5.86275  0.0214869
5.866  0.0214637
5.86925  0.0214404
5.8725  0.0214172
5.87575  0.021394
5.879  0.0213708
5.88225  0.0213477
5.8855  0.0213246
5.88875  0.0213016
5.892  0.0212786
5.89525  0.0212556
5.8985  0.0212327
5.90175  0.0212098
5.905  0.0211869
5.90825  0.0211641
5.9115  0.0211413
5.91475  0.0211185
5.918  0.0210958
5.92125  0.0210731
5.9245  0.0210504
5.92775  0.0210278
5.931  0.0210052
5.93425  0.0209827
5.9375  0.0209601
5.94075  0.0209377
5.944  0.0209152
5.94725  0.0208928
5.9505  0.0208704
5.95375  0.020848
5.957  0.0208257
5.96025  0.0208034
5.9635  0.0207812
5.96675  0.020759
5.97  0.0207368
5.97325  0.0207146
5.9765  0.0206925
5.97975  0.0206704
5.983  0.0206484
5.98625  0.0206264
5.9895  0.0206044
5.99275  0.0205825
5.996  0.0205605
5.99925  0.0205387
6.0025  0.0205168
6.00575  0.020495
6.009  0.0204732
6.01225  0.0204515
6.0155  0.0204297
6.01875  0.0204081
6.022  0.0203864
6.02525  0.0203648
6.0285  0.0203432
6.03175  0.0203217
6.035  0.0203001
6.03825  0.0202786
6.0415  0.0202572
6.04475  0.0202358
6.048  0.0202144
6.05125  0.020193
6.0545  0.0201717
6.05775  0.0201504
6.061  0.0201291
6.06425  0.0201079
6.0675  0.0200867
6.07075  0.0200655
6.074  0.0200444
6.07725  0.0200233
6.0805  0.0200022
6.08375  0.0199812
6.087  0.0199602
6.09025  0.0199392
6.0935  0.0199182
6.09675  0.0198973
6.1  0.0198764
6.10325  0.0198556
6.1065  0.0198347
6.10975  0.019814
6.113  0.0197932
6.11625  0.0197725
6.1195  0.0197518
6.12275  0.0197311
6.126  0.0197105
6.12925  0.0196899
6.1325  0.0196693
6.13575  0.0196487
6.139  0.0196282
6.14225  0.0196077
6.1455  0.0195873
6.14875  0.0195669
6.152  0.0195465
6.15525  0.0195261
6.1585  0.0195058
6.16175  0.0194855
6.165  0.0194652
6.16825  0.019445
6.1715  0.0194247
6.17475  0.0194046
6.178  0.0193844
6.18125  0.0193643
6.1845  0.0193442
6.18775  0.0193241
6.191  0.0193041
6.19425  0.0192841
6.1975  0.0192641
6.20075  0.0192442
6.204  0.0192243
6.20725  0.0192044
6.2105  0.0191845
6.21375  0.0191647
6.217  0.0191449
6.22025  0.0191251
6.2235  0.0191054
6.22675  0.0190857
6.23  0.019066
6.23325  0.0190463
6.2365  0.0190267
6.23975  0.0190071
6.243  0.0189876
6.24625  0.018968
6.2495  0.0189485
6.25275  0.018929
6.256  0.0189096
6.25925  0.0188901
6.2625  0.0188708
6.26575  0.0188514
6.269  0.0188321
6.27225  0.0188127
6.2755  0.0187935
6.27875  0.0187742
6.282  0.018755
6.28525  0.0187358
6.2885  0.0187166
6.29175  0.0186975
6.295  0.0186784
6.29825  0.0186593
6.3015  0.0186402
6.30475  0.0186212
6.308  0.0186022
6.31125  0.0185832
6.3145  0.0185643
6.31775  0.0185454
6.321  0.0185265
6.32425  0.0185076
6.3275  0.0184888
6.33075  0.01847
6.334  0.0184512
6.33725  0.0184324
6.3405  0.0184137
6.34375  0.018395
6.347  0.0183763
6.35025  0.0183577
6.3535  0.0183391
6.35675  0.0183205
6.36  0.0183019
6.36325  0.0182834
6.3665  0.0182649
6.36975  0.0182464
6.373  0.0182279
6.37625  0.0182095
6.3795  0.0181911
6.38275  0.0181727
6.386  0.0181544
6.38925  0.018136
6.3925  0.0181177
6.39575  0.0180995
6.399  0.0180812
6.40225  0.018063
6.4055  0.0180448
6.40875  0.0180266
6.412  0.0180085
6.41525  0.0179904
6.4185  0.0179723
6.42175  0.0179542
6.425  0.0179362
6.42825  0.0179182
6.4315  0.0179002
6.43475  0.0178823
6.438  0.0178643
6.44125  0.0178464
6.4445  0.0178285
6.44775  0.0178107
6.451  0.0177929
6.45425  0.0177751
6.4575  0.0177573
6.46075  0.0177395
6.464  0.0177218
6.46725  0.0177041
6.4705  0.0176864
6.47375  0.0176688
6.477  0.0176511
6.48025  0.0176335
6.4835  0.017616
6.48675  0.0175984
6.49  0.0175809
6.49325  0.0175634
6.4965  0.0175459
6.49975  0.0175285
6.503  0.017511
6.50625  0.0174936
6.5095  0.0174763
6.51275  0.0174589
6.516  0.0174416
6.51925  0.0174243
6.5225  0.017407
6.52575  0.0173898
6.529  0.0173725
6.53225  0.0173553
6.5355  0.0173381
6.53875  0.017321
6.542  0.0173039
6.54525  0.0172868
6.5485  0.0172697
6.55175  0.0172526
6.555  0.0172356
6.55825  0.0172186
6.5615  0.0172016
6.56475  0.0171846
6.568  0.0171677
6.57125  0.0171508
6.5745  0.0171339
6.57775  0.017117
6.581  0.0171002
6.58425  0.0170834
6.5875  0.0170666
6.59075  0.0170498
6.594  0.0170331
6.59725  0.0170163
6.6005  0.0169996
6.60375  0.016983
6.607  0.0169663
6.61025  0.0169497
6.6135  0.0169331
6.61675  0.0169165
6.62  0.0168999
6.62325  0.0168834
6.6265  0.0168669
6.62975  0.0168504
6.633  0.0168339
6.63625  0.0168175
6.6395  0.0168011
6.64275  0.0167847
6.646  0.0167683
6.64925  0.0167519
6.6525  0.0167356
6.65575  0.0167193
6.659  0.016703
6.66225  0.0166868
6.6655  0.0166705
6.66875  0.0166543
6.672  0.0166381
6.67525  0.016622
6.6785  0.0166058
6.68175  0.0165897
6.685  0.0165736
6.68825  0.0165575
6.6915  0.0165415
6.69475  0.0165254
6.698  0.0165094
6.70125  0.0164934
6.7045  0.0164775
6.70775  0.0164615
6.711  0.0164456
6.71425  0.0164297
6.7175  0.0164138
6.72075  0.016398
6.724  0.0163821
6.72725  0.0163663
6.7305  0.0163505
6.73375  0.0163347
6.737  0.016319
6.74025  0.0163033
6.7435  0.0162876
6.74675  0.0162719
6.75  0.0162562
6.75325  0.0162406
6.7565  0.016225
6.75975  0.0162094
6.763  0.0161938
6.76625  0.0161783
6.7695  0.0161627
6.77275  0.0161472
6.776  0.0161317
6.77925  0.0161163
6.7825  0.0161008
6.78575  0.0160854
6.789  0.01607
6.79225  0.0160546
6.7955  0.0160393
6.79875  0.0160239
6.802  0.0160086
6.80525  0.0159933
6.8085  0.015978
6.81175  0.0159628
6.815  0.0159476
6.81825  0.0159323
6.8215  0.0159172
6.82475  0.015902
6.828  0.0158868
6.83125  0.0158717
6.8345  0.0158566
6.83775  0.0158415
6.841  0.0158264
6.84425  0.0158114
6.8475  0.0157964
6.85075  0.0157814
6.854  0.0157664
6.85725  0.0157514
6.8605  0.0157365
6.86375  0.0157216
6.867  0.0157067
6.87025  0.0156918
6.8735  0.0156769
6.87675  0.0156621
6.88  0.0156473
6.88325  0.0156325
6.8865  0.0156177
6.88975  0.0156029
6.893  0.0155882
6.89625  0.0155735
6.8995  0.0155588
6.90275  0.0155441
6.906  0.0155294
6.90925  0.0155148
6.9125  0.0155002
6.91575  0.0154856
6.919  0.015471
6.92225  0.0154564
6.9255  0.0154419
6.92875  0.0154274
6.932  0.0154129
6.93525  0.0153984
6.9385  0.0153839
6.94175  0.0153695
6.945  0.015355
6.94825  0.0153406
6.9515  0.0153263
6.95475  0.0153119
6.958  0.0152976
6.96125  0.0152832
6.9645  0.0152689
6.96775  0.0152546
6.971  0.0152404
6.97425  0.0152261
6.9775  0.0152119
6.98075  0.0151977
6.984  0.0151835
6.98725  0.0151693
6.9905  0.0151552
6.99375  0.015141
6.997  0.0151269
7.00025  0.0151128
7.0035  0.0150987
7.00675  0.0150847
7.01  0.0150706
7.01325  0.0150566
7.0165  0.0150426
7.01975  0.0150286
7.023  0.0150147
7.02625  0.0150007
7.0295  0.0149868
7.03275  0.0149729
7.036  0.014959
7.03925  0.0149451
7.0425  0.0149313
7.04575  0.0149175
7.049  0.0149036
7.05225  0.0148899
7.0555  0.0148761
7.05875  0.0148623
7.062  0.0148486
7.06525  0.0148349
7.0685  0.0148212
7.07175  0.0148075
7.075  0.0147938
7.07825  0.0147801
7.0815  0.0147665
7.08475  0.0147529
7.088  0.0147393
7.09125  0.0147257
7.0945  0.0147122
7.09775  0.0146986
7.101  0.0146851
7.10425  0.0146716
7.1075  0.0146581
7.11075  0.0146447
7.114  0.0146312
7.11725  0.0146178
7.1205  0.0146044
7.12375  0.014591
7.127  0.0145776
7.13025  0.0145642
7.1335  0.0145509
7.13675  0.0145376
7.14  0.0145242
7.14325  0.014511
7.1465  0.0144977
7.14975  0.0144844
7.153  0.0144712
7.15625  0.014458
7.1595  0.0144448
7.16275  0.0144316
7.166  0.0144184
7.16925  0.0144053
7.1725  0.0143921
7.17575  0.014379
7.179  0.0143659
7.18225  0.0143528
7.1855  0.0143398
7.18875  0.0143267
7.192  0.0143137
7.19525  0.0143007
7.1985  0.0142877
7.20175  0.0142747
7.205  0.0142617
7.20825  0.0142488
7.2115  0.0142359
7.21475  0.014223
7.218  0.0142101
7.22125  0.0141972
7.2245  0.0141843
7.22775  0.0141715
7.231  0.0141587
7.23425  0.0141458
7.2375  0.0141331
7.24075  0.0141203
7.244  0.0141075
7.24725  0.0140948
7.2505  0.014082
7.25375  0.0140693
7.257  0.0140566
7.26025  0.014044
7.2635  0.0140313
7.26675  0.0140187
7.27  0.014006
7.27325  0.0139934
7.2765  0.0139808
7.27975  0.0139683
7.283  0.0139557
7.28625  0.0139432
7.2895  0.0139306
7.29275  0.0139181
7.296  0.0139056
7.29925  0.0138931
7.3025  0.0138807
7.30575  0.0138682
7.309  0.0138558
7.31225  0.0138434
7.3155  0.013831
7.31875  0.0138186
7.322  0.0138062
7.32525  0.0137939
7.3285  0.0137816
7.33175  0.0137692
7.335  0.0137569
7.33825  0.0137447
7.3415  0.0137324
7.34475  0.0137201
7.348  0.0137079
7.35125  0.0136957
7.3545  0.0136835
7.35775  0.0136713
7.361  0.0136591
7.36425  0.0136469
7.3675  0.0136348
7.37075  0.0136227
7.374  0.0136106
7.37725  0.0135985
7.3805  0.0135864
7.38375  0.0135743
7.387  0.0135623
7.39025  0.0135502
7.3935  0.0135382
7.39675  0.0135262
7.4  0.0135142
7.40325  0.0135022
7.4065  0.0134903
7.40975  0.0134783
7.413  0.0134664
7.41625  0.0134545
7.4195  0.0134426
7.42275  0.0134307
7.426  0.0134189
7.42925  0.013407
7.4325  0.0133952
7.43575  0.0133834
7.439  0.0133715
7.44225  0.0133598
7.4455  0.013348
7.44875  0.0133362
7.452  0.0133245
7.45525  0.0133127
7.4585  0.013301
7.46175  0.0132893
7.465  0.0132776
7.46825  0.013266
7.4715  0.0132543
7.47475  0.0132427
7.478  0.0132311
7.48125  0.0132194
7.4845  0.0132079
7.48775  0.0131963
7.491  0.0131847
7.49425  0.0131732
7.4975  0.0131616
7.50075  0.0131501
7.504  0.0131386
7.50725  0.0131271
7.5105  0.0131156
7.51375  0.0131042
7.517  0.0130927
7.52025  0.0130813
7.5235  0.0130698
7.52675  0.0130584
7.53  0.0130471
7.53325  0.0130357
7.5365  0.0130243
7.53975  0.013013
7.543  0.0130016
7.54625  0.0129903
7.5495  0.012979
7.55275  0.0129677
7.556  0.0129564
7.55925  0.0129452
7.5625  0.0129339
7.56575  0.0129227
7.569  0.0129115
7.57225  0.0129003
7.5755  0.0128891
7.57875  0.0128779
7.582  0.0128667
7.58525  0.0128556
7.5885  0.0128445
7.59175  0.0128333
7.595  0.0128222
7.59825  0.0128111
7.6015  0.0128001
7.60475  0.012789
7.608  0.0127779
7.61125  0.0127669
7.6145  0.0127559
7.61775  0.0127449
7.621  0.0127339
7.62425  0.0127229
7.6275  0.0127119
7.63075  0.012701
7.634  0.01269
7.63725  0.0126791
7.6405  0.0126682
7.64375  0.0126573
7.647  0.0126464
7.65025  0.0126355
7.6535  0.0126247
7.65675  0.0126138
7.66  0.012603
7.66325  0.0125922
7.6665  0.0125814
7.66975  0.0125706
7.673  0.0125598
7.67625  0.012549
7.6795  0.0125383
7.68275  0.0125275
7.686  0.0125168
7.68925  0.0125061
7.6925  0.0124954
7.69575  0.0124847
7.699  0.0124741
7.70225  0.0124634
7.7055  0.0124528
7.70875  0.0124421
7.712  0.0124315
7.71525  0.0124209
7.7185  0.0124103
7.72175  0.0123997
7.725  0.0123892
7.72825  0.0123786
7.7315  0.0123681
7.73475  0.0123575
7.738  0.012347
7.74125  0.0123365
7.7445  0.012326
7.74775  0.0123156
7.751  0.0123051
7.75425  0.0122947
7.7575  0.0122842
7.76075  0.0122738
7.764  0.0122634
7.76725  0.012253
7.7705  0.0122426
7.77375  0.0122322
7.777  0.0122219
7.78025  0.0122115
7.7835  0.0122012
7.78675  0.0121909
7.79  0.0121806
7.79325  0.0121703
7.7965  0.01216
7.79975  0.0121497
7.803  0.0121395
7.80625  0.0121292
7.8095  0.012119
7.81275  0.0121088
7.816  0.0120986
7.81925  0.0120884
7.8225  0.0120782
7.82575  0.012068
7.829  0.0120579
7.83225  0.0120477
7.8355  0.0120376
7.83875  0.0120275
7.842  0.0120174
7.84525  0.0120073
7.8485  0.0119972
7.85175  0.0119871
7.855  0.0119771
7.85825  0.011967
7.8615  0.011957
7.86475  0.011947
7.868  0.011937
7.87125  0.011927
7.8745  0.011917
7.87775  0.011907
7.881  0.011897
7.88425  0.0118871
7.8875  0.0118772
7.89075  0.0118672
7.894  0.0118573
7.89725  0.0118474
7.9005  0.0118375
7.90375  0.0118277
7.907  0.0118178
7.91025  0.011808
7.9135  0.0117981
7.91675  0.0117883
7.92  0.0117785
7.92325  0.0117687
7.9265  0.0117589
7.92975  0.0117491
7.933  0.0117393
7.93625  0.0117296
7.9395  0.0117198
7.94275  0.0117101
7.946  0.0117004
7.94925  0.0116907
7.9525  0.011681
7.95575  0.0116713
7.959  0.0116616
7.96225  0.0116519
7.9655  0.0116423
7.96875  0.0116327
7.972  0.011623
7.97525  0.0116134
7.9785  0.0116038
7.98175  0.0115942
7.985  0.0115846
7.98825  0.0115751
7.9915  0.0115655
7.99475  0.011556
7.998  0.0115464
8.00125  0.0115369
8.0045  0.0115274
8.00775  0.0115179
8.011  0.0115084
8.01425  0.0114989
8.0175  0.0114895
8.02075  0.01148
8.024  0.0114706
8.02725  0.0114611
8.0305  0.0114517
8.03375  0.0114423
8.037  0.0114329
8.04025  0.0114235
8.0435  0.0114141
8.04675  0.0114048
8.05  0.0113954
8.05325  0.0113861
8.0565  0.0113768
8.05975  0.0113674
8.063  0.0113581
8.06625  0.0113488
8.0695  0.0113395
8.07275  0.0113303
8.076  0.011321
8.07925  0.0113118
8.0825  0.0113025
8.08575  0.0112933
8.089  0.0112841
8.09225  0.0112748
8.0955  0.0112657
8.09875  0.0112565
8.102  0.0112473
8.10525  0.0112381
8.1085  0.011229
8.11175  0.0112198
8.115  0.0112107
8.11825  0.0112016
8.1215  0.0111925
8.12475  0.0111834
8.128  0.0111743
8.13125  0.0111652
8.1345  0.0111561
8.13775  0.0111471
8.141  0.011138
8.14425  0.011129
8.1475  0.01112
8.15075  0.0111109
8.154  0.0111019
8.15725  0.0110929
8.1605  0.011084
8.16375  0.011075
8.167  0.011066
8.17025  0.0110571
8.1735  0.0110481
8.17675  0.0110392
8.18  0.0110303
8.18325  0.0110214
8.1865  0.0110125
8.18975  0.0110036
8.193  0.0109947
8.19625  0.0109859
8.1995  0.010977
8.20275  0.0109682
8.206  0.0109593
8.20925  0.0109505
8.2125  0.0109417
8.21575  0.0109329
8.219  0.0109241
8.22225  0.0109153
8.2255  0.0109065
8.22875  0.0108978
8.232  0.010889
8.23525  0.0108803
8.2385  0.0108715
8.24175  0.0108628
8.245  0.0108541
8.24825  0.0108454
8.2515  0.0108367
8.25475  0.010828
8.258  0.0108194
8.26125  0.0108107
8.2645  0.0108021
8.26775  0.0107934
8.271  0.0107848
8.27425  0.0107762
8.2775  0.0107675
8.28075  0.0107589
8.284  0.0107504
8.28725  0.0107418
8.2905  0.0107332
8.29375  0.0107246
8.297  0.0107161
8.30025  0.0107076
8.3035  0.010699
8.30675  0.0106905
8.31  0.010682
8.31325  0.0106735
8.3165  0.010665
8.31975  0.0106565
8.323  0.0106481
8.32625  0.0106396
8.3295  0.0106311
8.33275  0.0106227
8.336  0.0106143
8.33925  0.0106059
8.3425  0.0105974
8.34575  0.010589
8.349  0.0105806
8.35225  0.0105723
8.3555  0.0105639
8.35875  0.0105555
8.362  0.0105472
8.36525  0.0105388
8.3685  0.0105305
8.37175  0.0105222
8.375  0.0105139
8.37825  0.0105055
8.3815  0.0104973
8.38475  0.010489
8.388  0.0104807
8.39125  0.0104724
8.3945  0.0104642
8.39775  0.0104559
8.401  0.0104477
8.40425  0.0104394
8.4075  0.0104312
8.41075  0.010423
8.414  0.0104148
8.41725  0.0104066
8.4205  0.0103984
8.42375  0.0103903
8.427  0.0103821
8.43025  0.010374
8.4335  0.0103658
8.43675  0.0103577
8.44  0.0103495
8.44325  0.0103414
8.4465  0.0103333
8.44975  0.0103252
8.453  0.0103171
8.45625  0.0103091
8.4595  0.010301
8.46275  0.0102929
8.466  0.0102849
8.46925  0.0102768
8.4725  0.0102688
8.47575  0.0102608
8.479  0.0102528
8.48225  0.0102448
8.4855  0.0102368
8.48875  0.0102288
8.492  0.0102208
8.49525  0.0102128
8.4985  0.0102049
8.50175  0.0101969
8.505  0.010189
8.50825  0.010181
8.5115  0.0101731
8.51475  0.0101652
8.518  0.0101573
8.52125  0.0101494
8.5245  0.0101415
8.52775  0.0101336
8.531  0.0101258
8.53425  0.0101179
8.5375  0.0101101
8.54075  0.0101022
8.544  0.0100944
8.54725  0.0100866
8.5505  0.0100787
8.55375  0.0100709
8.557  0.0100631
8.56025  0.0100553
8.5635  0.0100476
8.56675  0.0100398
8.57  0.010032
8.57325  0.0100243
8.5765  0.0100165
8.57975  0.0100088
8.583  0.0100011
8.58625  0.00999334
8.5895  0.00998563
8.59275  0.00997793
8.596  0.00997023
8.59925  0.00996255
8.6025  0.00995487
8.60575  0.0099472
8.609  0.00993955
8.61225  0.0099319
8.6155  0.00992425
8.61875  0.00991662
8.622  0.009909
8.62525  0.00990138
8.6285  0.00989377
8.63175  0.00988618
8.635  0.00987859
8.63825  0.009871
8.6415  0.00986343
8.64475  0.00985587
8.648  0.00984831
8.65125  0.00984076
8.6545  0.00983322
8.65775  0.00982569
8.661  0.00981817
8.66425  0.00981066
8.6675  0.00980315
8.67075  0.00979566
8.674  0.00978817
8.67725  0.00978069
8.6805  0.00977322
8.68375  0.00976575
8.687  0.0097583
8.69025  0.00975085
8.6935  0.00974341
8.69675  0.00973598
8.7  0.00972856
8.70325  0.00972115
8.7065  0.00971374
8.70975  0.00970635
8.713  0.00969896
8.71625  0.00969158
8.7195  0.0096842
8.72275  0.00967684
8.726  0.00966948
8.72925  0.00966214
8.7325  0.0096548
8.73575  0.00964747
8.739  0.00964014
8.74225  0.00963283
8.7455  0.00962552
8.74875  0.00961822
8.752  0.00961093
8.75525  0.00960365
8.7585  0.00959638
8.76175  0.00958911
8.765  0.00958185
8.76825  0.0095746
8.7715  0.00956736
8.77475  0.00956012
8.778  0.0095529
8.78125  0.00954568
8.7845  0.00953847
8.78775  0.00953127
8.791  0.00952407
8.79425  0.00951689
8.7975  0.00950971
8.80075  0.00950254
8.804  0.00949538
8.80725  0.00948822
8.8105  0.00948108
8.81375  0.00947394
8.817  0.00946681
8.82025  0.00945968
8.8235  0.00945257
8.82675  0.00944546
8.83  0.00943836
8.83325  0.00943127
8.8365  0.00942419
8.83975  0.00941711
8.843  0.00941004
8.84625  0.00940298
8.8495  0.00939593
8.85275  0.00938888
8.856  0.00938185
8.85925  0.00937482
8.8625  0.0093678
8.86575  0.00936078
8.869  0.00935378
8.87225  0.00934678
8.8755  0.00933979
8.87875  0.0093328
8.882  0.00932583
8.88525  0.00931886
8.8885  0.0093119
8.89175  0.00930495
8.895  0.009298
8.89825  0.00929106
8.9015  0.00928414
8.90475  0.00927721
8.908  0.0092703
8.91125  0.00926339
8.9145  0.00925649
8.91775  0.0092496
8.921  0.00924271
8.92425  0.00923584
8.9275  0.00922897
8.93075  0.00922211
8.934  0.00921525
8.93725  0.0092084
8.9405  0.00920156
8.94375  0.00919473
8.947  0.00918791
8.95025  0.00918109
8.9535  0.00917428
8.95675  0.00916748
8.96  0.00916068
8.96325  0.0091539
8.9665  0.00914712
8.96975  0.00914034
8.973  0.00913358
8.97625  0.00912682
8.9795  0.00912007
8.98275  0.00911332
8.986  0.00910659
8.98925  0.00909986
8.9925  0.00909314
8.99575  0.00908642
8.999  0.00907972
9.00225  0.00907302
9.0055  0.00906632
9.00875  0.00905964
9.012  0.00905296
9.01525  0.00904629
9.0185  0.00903963
9.02175  0.00903297
9.025  0.00902632
9.02825  0.00901968
9.0315  0.00901304
9.03475  0.00900642
9.038  0.00899979
9.04125  0.00899318
9.0445  0.00898657
9.04775  0.00897998
9.051  0.00897338
9.05425  0.0089668
9.0575  0.00896022
9.06075  0.00895365
9.064  0.00894709
9.06725  0.00894053
9.0705  0.00893398
9.07375  0.00892744
9.077  0.0089209
9.08025  0.00891437
9.0835  0.00890785
9.08675  0.00890134
9.09  0.00889483
9.09325  0.00888833
9.0965  0.00888184
9.09975  0.00887535
9.103  0.00886887
9.10625  0.0088624
9.1095  0.00885593
9.11275  0.00884947
9.116  0.00884302
9.11925  0.00883657
9.1225  0.00883014
9.12575  0.00882371
9.129  0.00881728
9.13225  0.00881086
9.1355  0.00880445
9.13875  0.00879805
9.142  0.00879165
9.14525  0.00878526
9.1485  0.00877888
9.15175  0.0087725
9.155  0.00876613
9.15825  0.00875977
9.1615  0.00875341
9.16475  0.00874706
9.168  0.00874072
9.17125  0.00873439
9.1745  0.00872806
9.17775  0.00872173
9.181  0.00871542
9.18425  0.00870911
9.1875  0.00870281
9.19075  0.00869651
9.194  0.00869022
9.19725  0.00868394
9.2005  0.00867767
9.20375  0.0086714
9.207  0.00866513
9.21025  0.00865888
9.2135  0.00865263
9.21675  0.00864639
9.22  0.00864015
9.22325  0.00863392
9.2265  0.0086277
9.22975  0.00862149
9.233  0.00861528
9.23625  0.00860907
9.2395  0.00860288
9.24275  0.00859669
9.246  0.0085905
9.24925  0.00858433
9.2525  0.00857816
9.25575  0.00857199
9.259  0.00856584
9.26225  0.00855969
9.2655  0.00855354
9.26875  0.00854741
9.272  0.00854127
9.27525  0.00853515
9.2785  0.00852903
9.28175  0.00852292
9.285  0.00851681
9.28825  0.00851072
9.2915  0.00850462
9.29475  0.00849854
9.298  0.00849246
9.30125  0.00848638
9.3045  0.00848032
9.30775  0.00847426
9.311  0.0084682
9.31425  0.00846216
9.3175  0.00845611
9.32075  0.00845008
9.324  0.00844405
9.32725  0.00843803
9.3305  0.00843201
9.33375  0.008426
9.337  0.00842
9.34025  0.008414
9.3435  0.00840801
9.34675  0.00840203
9.35  0.00839605
9.35325  0.00839008
9.3565  0.00838411
9.35975  0.00837815
9.363  0.0083722
9.36625  0.00836625
9.3695  0.00836031
9.37275  0.00835437
9.376  0.00834844
9.37925  0.00834252
9.3825  0.00833661
9.38575  0.0083307
9.389  0.00832479
9.39225  0.00831889
9.3955  0.008313
9.39875  0.00830712
9.402  0.00830124
9.40525  0.00829536
9.4085  0.0082895
9.41175  0.00828364
9.415  0.00827778
9.41825  0.00827193
9.4215  0.00826609
9.42475  0.00826025
9.428  0.00825442
9.43125  0.0082486
9.4345  0.00824278
9.43775  0.00823697
9.441  0.00823116
9.44425  0.00822536
9.4475  0.00821956
9.45075  0.00821378
9.454  0.00820799
9.45725  0.00820222
9.4605  0.00819645
9.46375  0.00819068
9.467  0.00818492
9.47025  0.00817917
9.4735  0.00817342
9.47675  0.00816768
9.48  0.00816195
9.48325  0.00815622
9.4865  0.0081505
9.48975  0.00814478
9.493  0.00813907
9.49625  0.00813336
9.4995  0.00812766
9.50275  0.00812197
9.506  0.00811628
9.50925  0.0081106
9.5125  0.00810492
9.51575  0.00809925
9.519  0.00809359
9.52225  0.00808793
9.5255  0.00808228
9.52875  0.00807663
9.532  0.00807099
9.53525  0.00806535
9.5385  0.00805973
9.54175  0.0080541
9.545  0.00804848
9.54825  0.00804287
9.5515  0.00803726
9.55475  0.00803166
9.558  0.00802607
9.56125  0.00802048
9.5645  0.0080149
9.56775  0.00800932
9.571  0.00800375
9.57425  0.00799818
9.5775  0.00799262
9.58075  0.00798706
9.584  0.00798152
9.58725  0.00797597
9.5905  0.00797043
9.59375  0.0079649
9.597  0.00795938
9.60025  0.00795385
9.6035  0.00794834
9.60675  0.00794283
9.61  0.00793732
9.61325  0.00793183
9.6165  0.00792633
9.61975  0.00792085
9.623  0.00791536
9.62625  0.00790989
9.6295  0.00790442
9.63275  0.00789895
9.636  0.00789349
9.63925  0.00788804
9.6425  0.00788259
9.64575  0.00787715
9.649  0.00787171
9.65225  0.00786628
9.6555  0.00786085
9.65875  0.00785543
9.662  0.00785002
9.66525  0.00784461
9.6685  0.0078392
9.67175  0.0078338
9.675  0.00782841
9.67825  0.00782302
9.6815  0.00781764
9.68475  0.00781226
9.688  0.00780689
9.69125  0.00780153
9.6945  0.00779617
9.69775  0.00779081
9.701  0.00778546
9.70425  0.00778012
9.7075  0.00777478
9.71075  0.00776944
9.714  0.00776412
9.71725  0.00775879
9.7205  0.00775348
9.72375  0.00774816
9.727  0.00774286
9.73025  0.00773756
9.7335  0.00773226
9.73675  0.00772697
9.74  0.00772168
9.74325  0.0077164
9.7465  0.00771113
9.74975  0.00770586
9.753  0.0077006
9.75625  0.00769534
9.7595  0.00769008
9.76275  0.00768483
9.766  0.00767959
9.76925  0.00767435
9.7725  0.00766912
9.77575  0.00766389
9.779  0.00765867
9.78225  0.00765346
9.7855  0.00764824
9.78875  0.00764304
9.792  0.00763784
9.79525  0.00763264
9.7985  0.00762745
9.80175  0.00762226
9.805  0.00761708
9.80825  0.00761191
9.8115  0.00760674
9.81475  0.00760157
9.818  0.00759642
9.82125  0.00759126
9.8245  0.00758611
9.82775  0.00758097
9.831  0.00757583
9.83425  0.00757069
9.8375  0.00756557
9.84075  0.00756044
9.844  0.00755532
9.84725  0.00755021
9.8505  0.0075451
9.85375  0.00754
9.857  0.0075349
9.86025  0.00752981
9.8635  0.00752472
9.86675  0.00751964
9.87  0.00751456
9.87325  0.00750949
9.8765  0.00750442
9.87975  0.00749936
9.883  0.0074943
9.88625  0.00748925
9.8895  0.0074842
9.89275  0.00747916
9.896  0.00747412
9.89925  0.00746909
9.9025  0.00746406
9.90575  0.00745903
9.909  0.00745402
9.91225  0.007449
9.9155  0.007444
9.91875  0.00743899
9.922  0.007434
9.92525  0.007429
9.9285  0.00742402
9.93175  0.00741903
9.935  0.00741405
9.93825  0.00740908
9.9415  0.00740411
9.94475  0.00739915
9.948  0.00739419
9.95125  0.00738924
9.9545  0.00738429
9.95775  0.00737935
9.961  0.00737441
9.96425  0.00736947
9.9675  0.00736454
9.97075  0.00735962
9.974  0.0073547
9.97725  0.00734978
9.9805  0.00734487
9.98375  0.00733997
9.987  0.00733507
9.99025  0.00733017
9.9935  0.00732528
9.99675  0.0073204
