0.25  0.0617135
0.25325  0.0131879
0.2565  0.0247066
0.25975  0.0909671
0.263  0.199121
0.26625  0.331777
0.2695  0.470084
0.27275  0.596446
0.276  0.696557
0.27925  0.760654
0.2825  0.783992
0.28575  0.766657
0.289  0.712873
0.29225  0.630001
0.2955  0.527392
0.29875  0.415247
0.302  0.303592
0.30525  0.201445
0.3085  0.116214
0.31175  0.0533217
0.315  0.0160601
0.31825  0.00562477
0.3215  0.0213019
0.32475  0.0607596
0.328  0.120403
0.33125  0.195758
0.3345  0.281846
0.33775  0.373535
0.341  0.465847
0.34425  0.554202
0.3475  0.634609
0.35075  0.703798
0.354  0.759289
0.35725  0.799415
0.3605  0.823308
0.36375  0.830835
0.367  0.82253
0.37025  0.799487
0.3735  0.763263
0.37675  0.715761
0.38  0.659122
0.38325  0.595626
0.3865  0.527597
0.38975  0.457318
0.393  0.386965
0.39625  0.318549
0.3995  0.253871
0.40275  0.194492
0.406  0.141715
0.40925  0.0965738
0.4125  0.0598315
0.41575  0.031991
0.419  0.0133071
0.42225  0.00380522
0.4255  0.00330383
0.42875  0.0114392
0.432  0.0276916
0.43525  0.0514117
0.4385  0.0818474
0.44175  0.118169
0.445  0.159494
0.44825  0.204908
0.4515  0.253488
0.45475  0.304317
0.458  0.356504
0.46125  0.409192
0.4645  0.461577
0.46775  0.512908
0.471  0.562503
0.47425  0.609748
0.4775  0.654101
0.48075  0.695097
0.484  0.732344
0.48725  0.765527
0.4905  0.794401
0.49375  0.81879
0.497  0.838586
0.50025  0.853739
0.5035  0.86426
0.50675  0.870209
0.51  0.871694
0.51325  0.868863
0.5165  0.861904
0.51975  0.851032
0.523  0.836492
0.52625  0.818549
0.5295  0.797486
0.53275  0.773596
0.536  0.747184
0.53925  0.718559
0.5425  0.68803
0.54575  0.655907
0.549  0.622494
0.55225  0.588089
0.5555  0.552981
0.55875  0.517449
0.562  0.481759
0.56525  0.446163
0.5685  0.410901
0.57175  0.376195
0.575  0.342251
0.57825  0.30926
0.5815  0.277396
0.58475  0.246816
0.588  0.217661
0.59125  0.190054
0.5945  0.164104
0.59775  0.139903
0.601  0.117529
0.60425  0.0970441
0.6075  0.0784968
0.61075  0.0619226
0.614  0.0473445
0.61725  0.0347733
0.6205  0.0242091
0.62375  0.0156413
0.627  0.00905002
0.63025  0.00440647
0.6335  0.00167386
0.63675  0.000808088
0.64  0.0017585
0.64325  0.00446859
0.6465  0.00887666
0.64975  0.0149165
0.653  0.022518
0.65625  0.0316077
0.6595  0.0421095
0.66275  0.0539452
0.666  0.0670346
0.66925  0.0812966
0.6725  0.0966491
0.67575  0.11301
0.679  0.130297
0.68225  0.148427
0.6855  0.167321
0.68875  0.186897
0.692  0.207076
0.69525  0.227781
0.6985  0.248937
0.70175  0.270468
0.705  0.292304
0.70825  0.314375
0.7115  0.336613
0.71475  0.358954
0.718  0.381334
0.72125  0.403695
0.7245  0.425979
0.72775  0.448132
0.731  0.470102
0.73425  0.49184
0.7375  0.513299
0.74075  0.534437
0.744  0.555211
0.74725  0.575585
0.7505  0.595522
0.75375  0.614989
0.757  0.633956
0.76025  0.652394
0.7635  0.670279
0.76675  0.687588
0.77  0.704298
0.77325  0.720392
0.7765  0.735852
0.77975  0.750666
0.783  0.764819
0.78625  0.778302
0.7895  0.791106
0.79275  0.803224
0.796  0.814652
0.79925  0.825384
0.8025  0.83542
0.80575  0.844759
0.809  0.853402
0.81225  0.86135
0.8155  0.868608
0.81875  0.875179
0.822  0.88107
0.82525  0.886287
0.8285  0.890837
0.83175  0.89473
0.835  0.897974
0.83825  0.90058
0.8415  0.902559
0.84475  0.903921
0.848  0.90468
0.85125  0.904847
0.8545  0.904436
0.85775  0.90346
0.861  0.901933
0.86425  0.899869
0.8675  0.897284
0.87075  0.894191
0.874  0.890606
0.87725  0.886544
0.8805  0.88202
0.88375  0.87705
0.887  0.87165
0.89025  0.865834
0.8935  0.859619
0.89675  0.85302
0.9  0.846053
0.90325  0.838732
0.9065  0.831075
0.90975  0.823096
0.913  0.81481
0.91625  0.806232
0.9195  0.797377
0.92275  0.78826
0.926  0.778896
0.92925  0.769299
0.9325  0.759483
0.93575  0.749461
0.939  0.739249
0.94225  0.728858
0.9455  0.718303
0.94875  0.707596
0.952  0.69675
0.95525  0.685778
0.9585  0.674691
0.96175  0.663501
0.965  0.652221
0.96825  0.64086
0.9715  0.629432
0.97475  0.617945
0.978  0.606411
0.98125  0.59484
0.9845  0.583241
0.98775  0.571624
0.991  0.559999
0.99425  0.548375
0.9975  0.536759
1.00075  0.525161
1.004  0.51359
1.00725  0.502051
1.0105  0.490555
1.01375  0.479106
1.017  0.467714
1.02025  0.456384
1.0235  0.445123
1.02675  0.433938
1.03  0.422834
1.03325  0.411817
1.0365  0.400892
1.03975  0.390066
1.043  0.379343
1.04625  0.368728
1.0495  0.358225
1.05275  0.347839
1.056  0.337574
1.05925  0.327433
1.0625  0.317422
1.06575  0.307542
1.069  0.297798
1.07225  0.288193
1.0755  0.278729
1.07875  0.269409
1.082  0.260237
1.08525  0.251213
1.0885  0.242341
1.09175  0.233622
1.095  0.225059
1.09825  0.216653
1.1015  0.208405
1.10475  0.200318
1.108  0.192392
1.11125  0.184629
1.1145  0.177029
1.11775  0.169594
1.121  0.162324
1.12425  0.15522
1.1275  0.148282
1.13075  0.141511
1.134  0.134907
1.13725  0.12847
1.1405  0.1222
1.14375  0.116098
1.147  0.110163
1.15025  0.104395
1.1535  0.0987937
1.15675  0.0933587
1.16  0.0880894
1.16325  0.0829855
1.1665  0.0780463
1.16975  0.073271
1.173  0.068659
1.17625  0.0642093
1.1795  0.0599213
1.18275  0.0557937
1.186  0.0518258
1.18925  0.0480164
1.1925  0.0443644
1.19575  0.0408687
1.199  0.037528
1.20225  0.0343411
1.2055  0.0313068
1.20875  0.0284236
1.212  0.0256902
1.21525  0.0231052
1.2185  0.0206672
1.22175  0.0183747
1.225  0.0162262
1.22825  0.0142201
1.2315  0.012355
1.23475  0.0106292
1.238  0.00904115
1.24125  0.00758925
1.2445  0.00627184
1.24775  0.00508727
1.251  0.00403387
1.25425  0.00310996
1.2575  0.00231384
1.26075  0.00164381
1.264  0.00109815
1.26725  0.000675132
1.2705  0.000373027
1.27375  0.000190094
1.277  0.00012459
1.28025  0.000174765
1.2835  0.00033887
1.28675  0.00061515
1.29  0.00100185
1.29325  0.00149722
1.2965  0.00209951
1.29975  0.00280696
1.303  0.00361782
1.30625  0.00453036
1.3095  0.00554282
1.31275  0.00665348
1.316  0.00786061
1.31925  0.00916247
1.3225  0.0105574
1.32575  0.0120436
1.329  0.0136194
1.33225  0.0152831
1.3355  0.0170331
1.33875  0.0188676
1.342  0.020785
1.34525  0.0227837
1.3485  0.024862
1.35175  0.0270182
1.355  0.0292508
1.35825  0.0315582
1.3615  0.0339387
1.36475  0.0363908
1.368  0.0389129
1.37125  0.0415035
1.3745  0.044161
1.37775  0.0468838
1.381  0.0496706
1.38425  0.0525197
1.3875  0.0554297
1.39075  0.0583992
1.394  0.0614266
1.39725  0.0645106
1.4005  0.0676497
1.40375  0.0708425
1.407  0.0740876
1.41025  0.0773837
1.4135  0.0807294
1.41675  0.0841232
1.42  0.087564
1.42325  0.0910504
1.4265  0.0945811
1.42975  0.0981549
1.433  0.10177
1.43625  0.105426
1.4395  0.109122
1.44275  0.112855
1.446  0.116625
1.44925  0.120431
1.4525  0.124271
1.45575  0.128145
1.459  0.132051
1.46225  0.135988
1.4655  0.139955
1.46875  0.143951
1.472  0.147975
1.47525  0.152025
1.4785  0.156101
1.48175  0.160202
1.485  0.164327
1.48825  0.168474
1.4915  0.172643
1.49475  0.176833
1.498  0.181043
1.50125  0.185271
1.5045  0.189518
1.50775  0.193781
1.511  0.198061
1.51425  0.202356
1.5175  0.206665
1.52075  0.210988
1.524  0.215323
1.52725  0.219671
1.5305  0.22403
1.53375  0.228398
1.537  0.232777
1.54025  0.237164
1.5435  0.241559
1.54675  0.245962
1.55  0.250371
1.55325  0.254786
1.5565  0.259206
1.55975  0.263631
1.563  0.268059
1.56625  0.272491
1.5695  0.276925
1.57275  0.28136
1.576  0.285797
1.57925  0.290235
1.5825  0.294673
1.58575  0.29911
1.589  0.303546
1.59225  0.30798
1.5955  0.312412
1.59875  0.316841
1.602  0.321267
1.60525  0.325689
1.6085  0.330107
1.61175  0.33452
1.615  0.338927
1.61825  0.343329
1.6215  0.347724
1.62475  0.352112
1.628  0.356494
1.63125  0.360867
1.6345  0.365233
1.63775  0.36959
1.641  0.373938
1.64425  0.378277
1.6475  0.382606
1.65075  0.386925
1.654  0.391234
1.65725  0.395531
1.6605  0.399818
1.66375  0.404093
1.667  0.408356
1.67025  0.412607
1.6735  0.416846
1.67675  0.421072
1.68  0.425284
1.68325  0.429483
1.6865  0.433669
1.68975  0.43784
1.693  0.441997
1.69625  0.44614
1.6995  0.450267
1.70275  0.45438
1.706  0.458477
1.70925  0.462559
1.7125  0.466625
1.71575  0.470675
1.719  0.474709
1.72225  0.478726
1.7255  0.482727
1.72875  0.48671
1.732  0.490677
1.73525  0.494626
1.7385  0.498558
1.74175  0.502473
1.745  0.506369
1.74825  0.510248
1.7515  0.514108
1.75475  0.51795
1.758  0.521774
1.76125  0.525579
1.7645  0.529366
1.76775  0.533134
1.771  0.536882
1.77425  0.540612
1.7775  0.544322
1.78075  0.548013
1.784  0.551685
1.78725  0.555337
1.7905  0.55897
1.79375  0.562582
1.797  0.566175
1.80025  0.569748
1.8035  0.573301
1.80675  0.576834
1.81  0.580346
1.81325  0.583839
1.8165  0.587311
1.81975  0.590762
1.823  0.594194
1.82625  0.597604
1.8295  0.600995
1.83275  0.604364
1.836  0.607713
1.83925  0.611041
1.8425  0.614349
1.84575  0.617636
1.849  0.620902
1.85225  0.624147
1.8555  0.627371
1.85875  0.630574
1.862  0.633757
1.86525  0.636918
1.8685  0.640059
1.87175  0.643178
1.875  0.646277
1.87825  0.649355
1.8815  0.652411
1.88475  0.655447
1.888  0.658462
1.89125  0.661456
1.8945  0.664428
1.89775  0.66738
1.901  0.670311
1.90425  0.673221
1.9075  0.67611
1.91075  0.678978
1.914  0.681825
1.91725  0.684651
1.9205  0.687456
1.92375  0.690241
1.927  0.693004
1.93025  0.695747
1.9335  0.698469
1.93675  0.701171
1.94  0.703851
1.94325  0.706511
1.9465  0.709151
1.94975  0.71177
1.953  0.714368
1.95625  0.716945
1.9595  0.719503
1.96275  0.72204
1.966  0.724556
1.96925  0.727052
1.9725  0.729528
1.97575  0.731983
1.979  0.734419
1.98225  0.736834
1.9855  0.739229
1.98875  0.741604
1.992  0.743959
1.99525  0.746294
1.9985  0.748609
2.00175  0.750905
2.005  0.753181
2.00825  0.755437
2.0115  0.757673
2.01475  0.75989
2.018  0.762087
2.02125  0.764265
2.0245  0.766424
2.02775  0.768563
2.031  0.770683
2.03425  0.772783
2.0375  0.774865
2.04075  0.776928
2.044  0.778971
2.04725  0.780996
2.0505  0.783002
2.05375  0.784989
2.057  0.786957
2.06025  0.788907
2.0635  0.790838
2.06675  0.792751
2.07  0.794646
2.07325  0.796522
2.0765  0.79838
2.07975  0.800219
2.083  0.802041
2.08625  0.803844
2.0895  0.80563
2.09275  0.807398
2.096  0.809147
2.09925  0.81088
2.1025  0.812594
2.10575  0.814291
2.109  0.815971
2.11225  0.817633
2.1155  0.819278
2.11875  0.820905
2.122  0.822516
2.12525  0.824109
2.1285  0.825686
2.13175  0.827245
2.135  0.828788
2.13825  0.830314
2.1415  0.831823
2.14475  0.833315
2.148  0.834791
2.15125  0.836251
2.1545  0.837694
2.15775  0.839122
2.161  0.840532
2.16425  0.841927
2.1675  0.843306
2.17075  0.844669
2.174  0.846016
2.17725  0.847347
2.1805  0.848663
2.18375  0.849963
2.187  0.851247
2.19025  0.852516
2.1935  0.85377
2.19675  0.855008
2.2  0.856231
2.20325  0.857439
2.2065  0.858632
2.20975  0.85981
2.213  0.860974
2.21625  0.862122
2.2195  0.863256
2.22275  0.864375
2.226  0.86548
2.22925  0.86657
2.2325  0.867646
2.23575  0.868707
2.239  0.869754
2.24225  0.870788
2.2455  0.871807
2.24875  0.872812
2.252  0.873803
2.25525  0.874781
2.2585  0.875745
2.26175  0.876695
2.265  0.877631
2.26825  0.878554
2.2715  0.879464
2.27475  0.880361
2.278  0.881244
2.28125  0.882114
2.2845  0.882971
2.28775  0.883815
2.291  0.884646
2.29425  0.885464
2.2975  0.88627
2.30075  0.887062
2.304  0.887842
2.30725  0.88861
2.3105  0.889365
2.31375  0.890108
2.317  0.890839
2.32025  0.891557
2.3235  0.892263
2.32675  0.892957
2.33  0.893639
2.33325  0.89431
2.3365  0.894968
2.33975  0.895615
2.343  0.89625
2.34625  0.896873
2.3495  0.897485
2.35275  0.898085
2.356  0.898674
2.35925  0.899252
2.3625  0.899818
2.36575  0.900373
2.369  0.900918
2.37225  0.901451
2.3755  0.901973
2.37875  0.902484
2.382  0.902985
2.38525  0.903475
2.3885  0.903954
2.39175  0.904422
2.395  0.90488
2.39825  0.905328
2.4015  0.905765
2.40475  0.906192
2.408  0.906609
2.41125  0.907015
2.4145  0.907412
2.41775  0.907798
2.421  0.908175
2.42425  0.908541
2.4275  0.908898
2.43075  0.909245
2.434  0.909582
2.43725  0.90991
2.4405  0.910228
2.44375  0.910537
2.447  0.910836
2.45025  0.911126
2.4535  0.911407
2.45675  0.911678
2.46  0.91194
2.46325  0.912193
2.4665  0.912437
2.46975  0.912672
2.473  0.912899
2.47625  0.913116
2.4795  0.913325
2.48275  0.913525
2.486  0.913716
2.48925  0.913898
2.4925  0.914073
2.49575  0.914238
2.499  0.914395
2.50225  0.914544
2.5055  0.914685
2.50875  0.914817
2.512  0.914942
2.51525  0.915058
2.5185  0.915166
2.52175  0.915266
2.525  0.915358
2.52825  0.915443
2.5315  0.915519
2.53475  0.915588
2.538  0.915649
2.54125  0.915702
2.5445  0.915748
2.54775  0.915786
2.551  0.915817
2.55425  0.915841
2.5575  0.915857
2.56075  0.915866
2.564  0.915867
2.56725  0.915862
2.5705  0.915849
2.57375  0.915829
2.577  0.915802
2.58025  0.915768
2.5835  0.915727
2.58675  0.91568
2.59  0.915625
2.59325  0.915564
2.5965  0.915496
2.59975  0.915422
2.603  0.91534
2.60625  0.915253
2.6095  0.915158
2.61275  0.915058
2.616  0.91495
2.61925  0.914837
2.6225  0.914717
2.62575  0.914591
2.629  0.914459
2.63225  0.91432
2.6355  0.914176
2.63875  0.914025
2.642  0.913869
2.64525  0.913706
2.6485  0.913538
2.65175  0.913363
2.655  0.913183
2.65825  0.912997
2.6615  0.912805
2.66475  0.912608
2.668  0.912405
2.67125  0.912196
2.6745  0.911982
2.67775  0.911763
2.681  0.911538
2.68425  0.911307
2.6875  0.911071
2.69075  0.91083
2.694  0.910583
2.69725  0.910332
2.7005  0.910075
2.70375  0.909813
2.707  0.909545
2.71025  0.909273
2.7135  0.908996
2.71675  0.908714
2.72  0.908426
2.72325  0.908134
2.7265  0.907837
2.72975  0.907535
2.733  0.907229
2.73625  0.906917
2.7395  0.906601
2.74275  0.906281
2.746  0.905955
2.74925  0.905625
2.7525  0.905291
2.75575  0.904952
2.759  0.904609
2.76225  0.904261
2.7655  0.903909
2.76875  0.903552
2.772  0.903191
2.77525  0.902826
2.7785  0.902456
2.78175  0.902083
2.785  0.901705
2.78825  0.901323
2.7915  0.900937
2.79475  0.900547
2.798  0.900153
2.80125  0.899755
2.8045  0.899353
2.80775  0.898947
2.811  0.898537
2.81425  0.898123
2.8175  0.897706
2.82075  0.897285
2.824  0.89686
2.82725  0.896431
2.8305  0.895999
2.83375  0.895563
2.837  0.895123
2.84025  0.89468
2.8435  0.894233
2.84675  0.893783
2.85  0.893329
2.85325  0.892872
2.8565  0.892411
2.85975  0.891947
2.863  0.89148
2.86625  0.891009
2.8695  0.890535
2.87275  0.890058
2.876  0.889577
2.87925  0.889093
2.8825  0.888606
2.88575  0.888116
2.889  0.887623
2.89225  0.887127
2.8955  0.886628
2.89875  0.886125
2.902  0.88562
2.90525  0.885112
2.9085  0.884601
2.91175  0.884086
2.915  0.883569
2.91825  0.88305
2.9215  0.882527
2.92475  0.882001
2.928  0.881473
2.93125  0.880942
2.9345  0.880408
2.93775  0.879872
2.941  0.879333
2.94425  0.878791
2.9475  0.878247
2.95075  0.8777
2.954  0.87715
2.95725  0.876598
2.9605  0.876044
2.96375  0.875487
2.967  0.874927
2.97025  0.874365
2.9735  0.873801
2.97675  0.873234
2.98  0.872665
2.98325  0.872094
2.9865  0.87152
2.98975  0.870944
2.993  0.870366
2.99625  0.869785
2.9995  0.869203
3.00275  0.868618
3.006  0.868031
3.00925  0.867441
3.0125  0.86685
3.01575  0.866256
3.019  0.865661
3.02225  0.865063
3.0255  0.864464
3.02875  0.863862
3.032  0.863258
3.03525  0.862653
3.0385  0.862045
3.04175  0.861436
3.045  0.860824
3.04825  0.860211
3.0515  0.859596
3.05475  0.858979
3.058  0.85836
3.06125  0.857739
3.0645  0.857117
3.06775  0.856493
3.071  0.855867
3.07425  0.855239
3.0775  0.85461
3.08075  0.853979
3.084  0.853346
3.08725  0.852712
3.0905  0.852076
3.09375  0.851438
3.097  0.850799
3.10025  0.850158
3.1035  0.849516
3.10675  0.848872
3.11  0.848227
3.11325  0.84758
3.1165  0.846932
3.11975  0.846282
3.123  0.845631
3.12625  0.844979
3.1295  0.844325
3.13275  0.843669
3.136  0.843013
3.13925  0.842355
3.1425  0.841695
3.14575  0.841034
3.149  0.840372
3.15225  0.839709
3.1555  0.839044
3.15875  0.838379
3.162  0.837712
3.16525  0.837043
3.1685  0.836374
3.17175  0.835703
3.175  0.835031
3.17825  0.834358
3.1815  0.833684
3.18475  0.833009
3.188  0.832333
3.19125  0.831655
3.1945  0.830977
3.19775  0.830297
3.201  0.829617
3.20425  0.828935
3.2075  0.828252
3.21075  0.827569
3.214  0.826884
3.21725  0.826198
3.2205  0.825512
3.22375  0.824824
3.227  0.824136
3.23025  0.823446
3.2335  0.822756
3.23675  0.822065
3.24  0.821373
3.24325  0.82068
3.2465  0.819986
3.24975  0.819292
3.253  0.818596
3.25625  0.8179
3.2595  0.817203
3.26275  0.816505
3.266  0.815807
3.26925  0.815108
3.2725  0.814408
3.27575  0.813707
3.279  0.813005
3.28225  0.812303
3.2855  0.8116
3.28875  0.810897
3.292  0.810193
3.29525  0.809488
3.2985  0.808782
3.30175  0.808076
3.305  0.807369
3.30825  0.806662
3.3115  0.805954
3.31475  0.805245
3.318  0.804536
3.32125  0.803827
3.3245  0.803116
3.32775  0.802406
3.331  0.801694
3.33425  0.800982
3.3375  0.80027
3.34075  0.799557
3.344  0.798844
3.34725  0.79813
3.3505  0.797416
3.35375  0.796701
3.357  0.795986
3.36025  0.795271
3.3635  0.794555
3.36675  0.793838
3.37  0.793122
3.37325  0.792404
3.3765  0.791687
3.37975  0.790969
3.383  0.790251
3.38625  0.789532
3.3895  0.788813
3.39275  0.788094
3.396  0.787374
3.39925  0.786654
3.4025  0.785934
3.40575  0.785213
3.409  0.784492
3.41225  0.783771
3.4155  0.78305
3.41875  0.782328
3.422  0.781606
3.42525  0.780884
3.4285  0.780162
3.43175  0.779439
3.435  0.778716
3.43825  0.777993
3.4415  0.77727
3.44475  0.776547
3.448  0.775823
3.45125  0.7751
3.4545  0.774376
3.45775  0.773652
3.461  0.772927
3.46425  0.772203
3.4675  0.771479
3.47075  0.770754
3.474  0.770029
3.47725  0.769305
3.4805  0.76858
3.48375  0.767855
3.487  0.767129
3.49025  0.766404
3.4935  0.765679
3.49675  0.764954
3.5  0.764228
3.50325  0.763503
3.5065  0.762778
3.50975  0.762052
3.513  0.761327
3.51625  0.760601
3.5195  0.759876
3.52275  0.75915
3.526  0.758425
3.52925  0.757699
3.5325  0.756974
3.53575  0.756248
3.539  0.755523
3.54225  0.754797
3.5455  0.754072
3.54875  0.753346
3.552  0.752621
3.55525  0.751896
3.5585  0.751171
3.56175  0.750446
3.565  0.749721
3.56825  0.748996
3.5715  0.748271
3.57475  0.747546
3.578  0.746822
3.58125  0.746097
3.5845  0.745373
3.58775  0.744649
3.591  0.743925
3.59425  0.743201
3.5975  0.742477
3.60075  0.741753
3.604  0.74103
3.60725  0.740306
3.6105  0.739583
3.61375  0.73886
3.617  0.738137
3.62025  0.737414
3.6235  0.736692
3.62675  0.73597
3.63  0.735247
3.63325  0.734526
3.6365  0.733804
3.63975  0.733082
3.643  0.732361
3.64625  0.73164
3.6495  0.730919
3.65275  0.730199
3.656  0.729478
3.65925  0.728758
3.6625  0.728038
3.66575  0.727318
3.669  0.726599
3.67225  0.72588
3.6755  0.725161
3.67875  0.724443
3.682  0.723724
3.68525  0.723006
3.6885  0.722288
3.69175  0.721571
3.695  0.720854
3.69825  0.720137
3.7015  0.71942
3.70475  0.718704
3.708  0.717988
3.71125  0.717273
3.7145  0.716557
3.71775  0.715842
3.721  0.715128
3.72425  0.714413
3.7275  0.713699
3.73075  0.712986
3.734  0.712272
3.73725  0.711559
3.7405  0.710847
3.74375  0.710134
3.747  0.709422
3.75025  0.708711
3.7535  0.708
3.75675  0.707289
3.76  0.706578
3.76325  0.705868
3.7665  0.705159
3.76975  0.704449
3.773  0.70374
3.77625  0.703032
3.7795  0.702324
3.78275  0.701616
3.786  0.700909
3.78925  0.700202
3.7925  0.699495
3.79575  0.698789
3.799  0.698083
3.80225  0.697378
3.8055  0.696673
3.80875  0.695969
3.812  0.695265
3.81525  0.694561
3.8185  0.693858
3.82175  0.693155
3.825  0.692453
3.82825  0.691751
3.8315  0.69105
3.83475  0.690349
3.838  0.689648
3.84125  0.688948
3.8445  0.688249
3.84775  0.68755
3.851  0.686851
3.85425  0.686153
3.8575  0.685455
3.86075  0.684758
3.864  0.684061
3.86725  0.683365
3.8705  0.682669
3.87375  0.681974
3.877  0.681279
3.88025  0.680585
3.8835  0.679891
3.88675  0.679197
3.89  0.678505
3.89325  0.677812
3.8965  0.67712
3.89975  0.676429
3.903  0.675738
3.90625  0.675048
3.9095  0.674358
3.91275  0.673669
3.916  0.67298
3.91925  0.672291
3.9225  0.671604
3.92575  0.670916
3.929  0.67023
3.93225  0.669543
3.9355  0.668858
3.93875  0.668172
3.942  0.667488
3.94525  0.666804
3.9485  0.66612
3.95175  0.665437
3.955  0.664755
3.95825  0.664073
3.9615  0.663391
3.96475  0.66271
3.968  0.66203
3.97125  0.66135
3.9745  0.660671
3.97775  0.659993
3.981  0.659314
3.98425  0.658637
3.9875  0.65796
3.99075  0.657283
3.994  0.656608
3.99725  0.655932
4.0005  0.655258
4.00375  0.654583
4.007  0.65391
4.01025  0.653237
4.0135  0.652564
4.01675  0.651892
4.02  0.651221
4.02325  0.65055
4.0265  0.64988
4.02975  0.649211
4.033  0.648542
4.03625  0.647873
4.0395  0.647206
4.04275  0.646538
4.046  0.645872
4.04925  0.645206
4.0525  0.64454
4.05575  0.643875
4.059  0.643211
4.06225  0.642547
4.0655  0.641884
4.06875  0.641222
4.072  0.64056
4.07525  0.639899
4.0785  0.639238
4.08175  0.638578
4.085  0.637918
4.08825  0.637259
4.0915  0.636601
4.09475  0.635944
4.098  0.635286
4.10125  0.63463
4.1045  0.633974
4.10775  0.633319
4.111  0.632664
4.11425  0.63201
4.1175  0.631357
4.12075  0.630704
4.124  0.630052
4.12725  0.629401
4.1305  0.62875
4.13375  0.628099
4.137  0.62745
4.14025  0.626801
4.1435  0.626152
4.14675  0.625505
4.15  0.624857
4.15325  0.624211
4.1565  0.623565
4.15975  0.62292
4.163  0.622275
4.16625  0.621631
4.1695  0.620988
4.17275  0.620345
4.176  0.619703
4.17925  0.619061
4.1825  0.61842
4.18575  0.61778
4.189  0.617141
4.19225  0.616502
4.1955  0.615863
4.19875  0.615226
4.202  0.614589
4.20525  0.613952
4.2085  0.613316
4.21175  0.612681
4.215  0.612047
4.21825  0.611413
4.2215  0.61078
4.22475  0.610147
4.228  0.609515
4.23125  0.608884
4.2345  0.608253
4.23775  0.607624
4.241  0.606994
4.24425  0.606366
4.2475  0.605738
4.25075  0.60511
4.254  0.604483
4.25725  0.603857
4.2605  0.603232
4.26375  0.602607
4.267  0.601983
4.27025  0.60136
4.2735  0.600737
4.27675  0.600115
4.28  0.599493
4.28325  0.598872
4.2865  0.598252
4.28975  0.597632
4.293  0.597013
4.29625  0.596395
4.2995  0.595778
4.30275  0.595161
4.306  0.594544
4.30925  0.593929
4.3125  0.593314
4.31575  0.5927
4.319  0.592086
4.32225  0.591473
4.3255  0.590861
4.32875  0.590249
4.332  0.589638
4.33525  0.589027
4.3385  0.588418
4.34175  0.587809
4.345  0.5872
4.34825  0.586593
4.3515  0.585986
4.35475  0.585379
4.358  0.584773
4.36125  0.584168
4.3645  0.583564
4.36775  0.58296
4.371  0.582357
4.37425  0.581755
4.3775  0.581153
4.38075  0.580552
4.384  0.579951
4.38725  0.579351
4.3905  0.578752
4.39375  0.578154
4.397  0.577556
4.40025  0.576959
4.4035  0.576362
4.40675  0.575767
4.41  0.575171
4.41325  0.574577
4.4165  0.573983
4.41975  0.57339
4.423  0.572797
4.42625  0.572206
4.4295  0.571614
4.43275  0.571024
4.436  0.570434
4.43925  0.569845
4.4425  0.569256
4.44575  0.568668
4.449  0.568081
4.45225  0.567495
4.4555  0.566909
4.45875  0.566324
4.462  0.565739
4.46525  0.565155
4.4685  0.564572
4.47175  0.563989
4.475  0.563408
4.47825  0.562826
4.4815  0.562246
4.48475  0.561666
4.488  0.561087
4.49125  0.560508
4.4945  0.55993
4.49775  0.559353
4.501  0.558776
4.50425  0.5582
4.5075  0.557625
4.51075  0.55705
4.514  0.556476
4.51725  0.555903
4.5205  0.555331
4.52375  0.554759
4.527  0.554187
4.53025  0.553617
4.5335  0.553047
4.53675  0.552477
4.54  0.551909
4.54325  0.551341
4.5465  0.550773
4.54975  0.550207
4.553  0.549641
4.55625  0.549075
4.5595  0.548511
4.56275  0.547947
4.566  0.547383
4.56925  0.546821
4.5725  0.546259
4.57575  0.545697
4.579  0.545136
4.58225  0.544576
4.5855  0.544017
4.58875  0.543458
4.592  0.5429
4.59525  0.542343
4.5985  0.541786
4.60175  0.54123
4.605  0.540674
4.60825  0.540119
4.6115  0.539565
4.61475  0.539012
4.618  0.538459
4.62125  0.537907
4.6245  0.537355
4.62775  0.536804
4.631  0.536254
4.63425  0.535704
4.6375  0.535155
4.64075  0.534607
4.644  0.53406
4.64725  0.533513
4.6505  0.532966
4.65375  0.532421
4.657  0.531876
4.66025  0.531331
4.6635  0.530787
4.66675  0.530244
4.67  0.529702
4.67325  0.52916
4.6765  0.528619
4.67975  0.528079
4.683  0.527539
4.68625  0.527
4.6895  0.526461
4.69275  0.525923
4.696  0.525386
4.69925  0.524849
4.7025  0.524313
4.70575  0.523778
4.709  0.523244
4.71225  0.52271
4.7155  0.522176
4.71875  0.521643
4.722  0.521111
4.72525  0.52058
4.7285  0.520049
4.73175  0.519519
4.735  0.51899
4.73825  0.518461
4.7415  0.517932
4.74475  0.517405
4.748  0.516878
4.75125  0.516352
4.7545  0.515826
4.75775  0.515301
4.761  0.514777
4.76425  0.514253
4.7675  0.51373
4.77075  0.513207
4.774  0.512685
4.77725  0.512164
4.7805  0.511644
4.78375  0.511124
4.787  0.510605
4.79025  0.510086
4.7935  0.509568
4.79675  0.50905
4.8  0.508534
4.80325  0.508018
4.8065  0.507502
4.80975  0.506987
4.813  0.506473
4.81625  0.505959
4.8195  0.505446
4.82275  0.504934
4.826  0.504422
4.82925  0.503911
4.8325  0.503401
4.83575  0.502891
4.839  0.502382
4.84225  0.501873
4.8455  0.501365
4.84875  0.500858
4.852  0.500351
4.85525  0.499845
4.8585  0.49934
4.86175  0.498835
4.865  0.498331
4.86825  0.497827
4.8715  0.497324
4.87475  0.496822
4.878  0.49632
4.88125  0.495819
4.8845  0.495319
4.88775  0.494819
4.891  0.49432
4.89425  0.493821
4.8975  0.493323
4.90075  0.492826
4.904  0.492329
4.90725  0.491833
4.9105  0.491337
4.91375  0.490842
4.917  0.490348
4.92025  0.489854
4.9235  0.489361
4.92675  0.488869
4.93  0.488377
4.93325  0.487886
4.9365  0.487395
4.93975  0.486905
4.943  0.486416
4.94625  0.485927
4.9495  0.485439
4.95275  0.484951
4.956  0.484464
4.95925  0.483978
4.9625  0.483492
4.96575  0.483007
4.969  0.482522
4.97225  0.482038
4.9755  0.481555
4.97875  0.481072
4.982  0.48059
4.98525  0.480109
4.9885  0.479628
4.99175  0.479147
4.995  0.478667
4.99825  0.478188
5.0015  0.47771
5.00475  0.477232
5.008  0.476755
5.01125  0.476278
5.0145  0.475802
5.01775  0.475326
5.021  0.474851
5.02425  0.474377
5.0275  0.473903
5.03075  0.47343
5.034  0.472957
5.03725  0.472485
5.0405  0.472014
5.04375  0.471543
5.047  0.471073
5.05025  0.470603
5.0535  0.470134
5.05675  0.469666
5.06  0.469198
5.06325  0.468731
5.0665  0.468264
5.06975  0.467798
5.073  0.467332
5.07625  0.466867
5.0795  0.466403
5.08275  0.465939
5.086  0.465476
5.08925  0.465014
5.0925  0.464552
5.09575  0.46409
5.099  0.463629
5.10225  0.463169
5.1055  0.462709
5.10875  0.46225
5.112  0.461792
5.11525  0.461334
5.1185  0.460876
5.12175  0.460419
5.125  0.459963
5.12825  0.459508
5.1315  0.459053
5.13475  0.458598
5.138  0.458144
5.14125  0.457691
5.1445  0.457238
5.14775  0.456786
5.151  0.456334
5.15425  0.455883
5.1575  0.455432
5.16075  0.454983
5.164  0.454533
5.16725  0.454084
5.1705  0.453636
5.17375  0.453188
5.177  0.452741
5.18025  0.452295
5.1835  0.451849
5.18675  0.451403
5.19  0.450959
5.19325  0.450514
5.1965  0.450071
5.19975  0.449627
5.203  0.449185
5.20625  0.448743
5.2095  0.448301
5.21275  0.44786
5.216  0.44742
5.21925  0.44698
5.2225  0.446541
5.22575  0.446102
5.229  0.445664
5.23225  0.445226
5.2355  0.444789
5.23875  0.444353
5.242  0.443917
5.24525  0.443482
5.2485  0.443047
5.25175  0.442612
5.255  0.442179
5.25825  0.441746
5.2615  0.441313
5.26475  0.440881
5.268  0.440449
5.27125  0.440018
5.2745  0.439588
5.27775  0.439158
5.281  0.438729
5.28425  0.4383
5.2875  0.437871
5.29075  0.437444
5.294  0.437017
5.29725  0.43659
5.3005  0.436164
5.30375  0.435738
5.307  0.435313
5.31025  0.434889
5.3135  0.434465
5.31675  0.434041
5.32  0.433618
5.32325  0.433196
5.3265  0.432774
5.32975  0.432353
5.333  0.431932
5.33625  0.431512
5.3395  0.431092
5.34275  0.430673
5.346  0.430255
5.34925  0.429837
5.3525  0.429419
5.35575  0.429002
5.359  0.428586
5.36225  0.42817
5.3655  0.427754
5.36875  0.427339
5.372  0.426925
5.37525  0.426511
5.3785  0.426098
5.38175  0.425685
5.385  0.425273
5.38825  0.424861
5.3915  0.42445
5.39475  0.424039
5.398  0.423629
5.40125  0.423219
5.4045  0.42281
5.40775  0.422401
5.411  0.421993
5.41425  0.421585
5.4175  0.421178
5.42075  0.420772
5.424  0.420366
5.42725  0.41996
5.4305  0.419555
5.43375  0.419151
5.437  0.418747
5.44025  0.418343
5.4435  0.41794
5.44675  0.417538
5.45  0.417136
5.45325  0.416734
5.4565  0.416333
5.45975  0.415933
5.463  0.415533
5.46625  0.415134
5.4695  0.414735
5.47275  0.414336
5.476  0.413938
5.47925  0.413541
5.4825  0.413144
5.48575  0.412748
5.489  0.412352
5.49225  0.411956
5.4955  0.411562
5.49875  0.411167
5.502  0.410773
5.50525  0.41038
5.5085  0.409987
5.51175  0.409595
5.515  0.409203
5.51825  0.408811
5.5215  0.40842
5.52475  0.40803
5.528  0.40764
5.53125  0.407251
5.5345  0.406862
5.53775  0.406473
5.541  0.406085
5.54425  0.405698
5.5475  0.405311
5.55075  0.404925
5.554  0.404539
5.55725  0.404153
5.5605  0.403768
5.56375  0.403384
5.567  0.403
5.57025  0.402616
5.5735  0.402233
5.57675  0.401851
5.58  0.401468
5.58325  0.401087
5.5865  0.400706
5.58975  0.400325
5.593  0.399945
5.59625  0.399565
5.5995  0.399186
5.60275  0.398807
5.606  0.398429
5.60925  0.398051
5.6125  0.397674
5.61575  0.397297
5.619  0.396921
5.62225  0.396545
5.6255  0.39617
5.62875  0.395795
5.632  0.395421
5.63525  0.395047
5.6385  0.394673
5.64175  0.3943
5.645  0.393928
5.64825  0.393556
5.6515  0.393184
5.65475  0.392813
5.658  0.392442
5.66125  0.392072
5.6645  0.391702
5.66775  0.391333
5.671  0.390964
5.67425  0.390596
5.6775  0.390228
5.68075  0.389861
5.684  0.389494
5.68725  0.389127
5.6905  0.388761
5.69375  0.388396
5.697  0.388031
5.70025  0.387666
5.7035  0.387302
5.70675  0.386938
5.71  0.386575
5.71325  0.386212
5.7165  0.38585
5.71975  0.385488
5.723  0.385127
5.72625  0.384766
5.7295  0.384405
5.73275  0.384045
5.736  0.383686
5.73925  0.383327
5.7425  0.382968
5.74575  0.38261
5.749  0.382252
5.75225  0.381895
5.7555  0.381538
5.75875  0.381181
5.762  0.380825
5.76525  0.38047
5.7685  0.380115
5.77175  0.37976
5.775  0.379406
5.77825  0.379052
5.7815  0.378699
5.78475  0.378346
5.788  0.377994
5.79125  0.377642
5.7945  0.37729
5.79775  0.376939
5.801  0.376588
5.80425  0.376238
5.8075  0.375888
5.81075  0.375539
5.814  0.37519
5.81725  0.374842
5.8205  0.374494
5.82375  0.374146
5.827  0.373799
5.83025  0.373452
5.8335  0.373106
5.83675  0.37276
5.84  0.372415
5.84325  0.37207
5.8465  0.371725
5.84975  0.371381
5.853  0.371038
5.85625  0.370695
5.8595  0.370352
5.86275  0.370009
5.866  0.369667
5.86925  0.369326
5.8725  0.368985
5.87575  0.368644
5.879  0.368304
5.88225  0.367964
5.8855  0.367625
5.88875  0.367286
5.892  0.366947
5.89525  0.366609
5.8985  0.366272
5.90175  0.365934
5.905  0.365598
5.90825  0.365261
5.9115  0.364925
5.91475  0.36459
5.918  0.364254
5.92125  0.36392
5.9245  0.363585
5.92775  0.363252
5.931  0.362918
5.93425  0.362585
5.9375  0.362252
5.94075  0.36192
5.944  0.361588
5.94725  0.361257
5.9505  0.360926
5.95375  0.360595
5.957  0.360265
5.96025  0.359936
5.9635  0.359606
5.96675  0.359277
5.97  0.358949
5.97325  0.358621
5.9765  0.358293
5.97975  0.357966
5.983  0.357639
5.98625  0.357312
5.9895  0.356986
5.99275  0.356661
5.996  0.356335
5.99925  0.356011
6.0025  0.355686
6.00575  0.355362
6.009  0.355039
6.01225  0.354715
6.0155  0.354393
6.01875  0.35407
6.022  0.353748
6.02525  0.353426
6.0285  0.353105
6.03175  0.352784
6.035  0.352464
6.03825  0.352144
6.0415  0.351824
6.04475  0.351505
6.048  0.351186
6.05125  0.350868
6.0545  0.35055
6.05775  0.350232
6.061  0.349915
6.06425  0.349598
6.0675  0.349282
6.07075  0.348966
6.074  0.34865
6.07725  0.348335
6.0805  0.34802
6.08375  0.347705
6.087  0.347391
6.09025  0.347078
6.0935  0.346764
6.09675  0.346451
6.1  0.346139
6.10325  0.345827
6.1065  0.345515
6.10975  0.345203
6.113  0.344892
6.11625  0.344582
6.1195  0.344272
6.12275  0.343962
6.126  0.343652
6.12925  0.343343
6.1325  0.343035
6.13575  0.342726
6.139  0.342418
6.14225  0.342111
6.1455  0.341804
6.14875  0.341497
6.152  0.34119
6.15525  0.340884
6.1585  0.340579
6.16175  0.340273
6.165  0.339968
6.16825  0.339664
6.1715  0.33936
6.17475  0.339056
6.178  0.338753
6.18125  0.33845
6.1845  0.338147
6.18775  0.337845
6.191  0.337543
6.19425  0.337241
6.1975  0.33694
6.20075  0.336639
6.204  0.336339
6.20725  0.336039
6.2105  0.335739
6.21375  0.33544
6.217  0.335141
6.22025  0.334842
6.2235  0.334544
6.22675  0.334246
6.23  0.333949
6.23325  0.333652
6.2365  0.333355
6.23975  0.333058
6.243  0.332762
6.24625  0.332467
6.2495  0.332172
6.25275  0.331877
6.256  0.331582
6.25925  0.331288
6.2625  0.330994
6.26575  0.330701
6.269  0.330407
6.27225  0.330115
6.2755  0.329822
6.27875  0.32953
6.282  0.329239
6.28525  0.328947
6.2885  0.328656
6.29175  0.328366
6.295  0.328075
6.29825  0.327785
6.3015  0.327496
6.30475  0.327207
6.308  0.326918
6.31125  0.326629
6.3145  0.326341
6.31775  0.326053
6.321  0.325766
6.32425  0.325479
6.3275  0.325192
6.33075  0.324906
6.334  0.32462
6.33725  0.324334
6.3405  0.324049
6.34375  0.323764
6.347  0.323479
6.35025  0.323195
6.3535  0.322911
6.35675  0.322627
6.36  0.322344
6.36325  0.322061
6.3665  0.321779
6.36975  0.321497
6.373  0.321215
6.37625  0.320933
6.3795  0.320652
6.38275  0.320371
6.386  0.320091
6.38925  0.319811
6.3925  0.319531
6.39575  0.319251
6.399  0.318972
6.40225  0.318693
6.4055  0.318415
6.40875  0.318137
6.412  0.317859
6.41525  0.317582
6.4185  0.317304
6.42175  0.317028
6.425  0.316751
6.42825  0.316475
6.4315  0.316199
6.43475  0.315924
6.438  0.315649
6.44125  0.315374
6.4445  0.3151
6.44775  0.314826
6.451  0.314552
6.45425  0.314278
6.4575  0.314005
6.46075  0.313733
6.464  0.31346
6.46725  0.313188
6.4705  0.312916
6.47375  0.312645
6.477  0.312374
6.48025  0.312103
6.4835  0.311832
6.48675  0.311562
6.49  0.311293
6.49325  0.311023
6.4965  0.310754
6.49975  0.310485
6.503  0.310217
6.50625  0.309948
6.5095  0.309681
6.51275  0.309413
6.516  0.309146
6.51925  0.308879
6.5225  0.308612
6.52575  0.308346
6.529  0.30808
6.53225  0.307815
6.5355  0.307549
6.53875  0.307284
6.542  0.30702
6.54525  0.306755
6.5485  0.306491
6.55175  0.306228
6.555  0.305964
6.55825  0.305701
6.5615  0.305439
6.56475  0.305176
6.568  0.304914
6.57125  0.304652
6.5745  0.304391
6.57775  0.30413
6.581  0.303869
6.58425  0.303608
6.5875  0.303348
6.59075  0.303088
6.594  0.302828
6.59725  0.302569
6.6005  0.30231
6.60375  0.302052
6.607  0.301793
6.61025  0.301535
6.6135  0.301277
6.61675  0.30102
6.62  0.300763
6.62325  0.300506
6.6265  0.30025
6.62975  0.299993
6.633  0.299737
6.63625  0.299482
6.6395  0.299227
6.64275  0.298972
6.646  0.298717
6.64925  0.298463
6.6525  0.298208
6.65575  0.297955
6.659  0.297701
6.66225  0.297448
6.6655  0.297195
6.66875  0.296943
6.672  0.29669
6.67525  0.296439
6.6785  0.296187
6.68175  0.295936
6.685  0.295684
6.68825  0.295434
6.6915  0.295183
6.69475  0.294933
6.698  0.294683
6.70125  0.294434
6.7045  0.294184
6.70775  0.293936
6.711  0.293687
6.71425  0.293438
6.7175  0.29319
6.72075  0.292943
6.724  0.292695
6.72725  0.292448
6.7305  0.292201
6.73375  0.291954
6.737  0.291708
6.74025  0.291462
6.7435  0.291216
6.74675  0.290971
6.75  0.290726
6.75325  0.290481
6.7565  0.290236
6.75975  0.289992
6.763  0.289748
6.76625  0.289504
6.7695  0.289261
6.77275  0.289018
6.776  0.288775
6.77925  0.288533
6.7825  0.28829
6.78575  0.288048
6.789  0.287807
6.79225  0.287565
6.7955  0.287324
6.79875  0.287083
6.802  0.286843
6.80525  0.286602
6.8085  0.286362
6.81175  0.286123
6.815  0.285883
6.81825  0.285644
6.8215  0.285405
6.82475  0.285167
6.828  0.284929
6.83125  0.284691
6.8345  0.284453
6.83775  0.284215
6.841  0.283978
6.84425  0.283741
6.8475  0.283505
6.85075  0.283268
6.854  0.283032
6.85725  0.282797
6.8605  0.282561
6.86375  0.282326
6.867  0.282091
6.87025  0.281856
6.8735  0.281622
6.87675  0.281388
6.88  0.281154
6.88325  0.28092
6.8865  0.280687
6.88975  0.280454
6.893  0.280221
6.89625  0.279989
6.8995  0.279757
6.90275  0.279525
6.906  0.279293
6.90925  0.279062
6.9125  0.278831
6.91575  0.2786
6.919  0.278369
6.92225  0.278139
6.9255  0.277909
6.92875  0.277679
6.932  0.27745
6.93525  0.27722
6.9385  0.276991
6.94175  0.276763
6.945  0.276534
6.94825  0.276306
6.9515  0.276078
6.95475  0.275851
6.958  0.275623
6.96125  0.275396
6.9645  0.275169
6.96775  0.274943
6.971  0.274716
6.97425  0.27449
6.9775  0.274265
6.98075  0.274039
6.984  0.273814
6.98725  0.273589
6.9905  0.273364
6.99375  0.27314
6.997  0.272915
7.00025  0.272692
7.0035  0.272468
7.00675  0.272244
7.01  0.272021
7.01325  0.271798
7.0165  0.271576
7.01975  0.271353
7.023  0.271131
7.02625  0.270909
7.0295  0.270688
7.03275  0.270466
7.036  0.270245
7.03925  0.270024
7.0425  0.269804
7.04575  0.269583
7.049  0.269363
7.05225  0.269144
7.0555  0.268924
7.05875  0.268705
7.062  0.268486
7.06525  0.268267
7.0685  0.268048
7.07175  0.26783
7.075  0.267612
7.07825  0.267394
7.0815  0.267177
7.08475  0.266959
7.088  0.266742
7.09125  0.266525
7.0945  0.266309
7.09775  0.266093
7.101  0.265877
7.10425  0.265661
7.1075  0.265445
7.11075  0.26523
7.114  0.265015
7.11725  0.2648
7.1205  0.264586
7.12375  0.264371
7.127  0.264157
7.13025  0.263943
7.1335  0.26373
7.13675  0.263516
7.14  0.263303
7.14325  0.263091
7.1465  0.262878
7.14975  0.262666
7.153  0.262453
7.15625  0.262242
7.1595  0.26203
7.16275  0.261819
7.166  0.261607
7.16925  0.261397
7.1725  0.261186
7.17575  0.260976
7.179  0.260765
7.18225  0.260555
7.1855  0.260346
7.18875  0.260136
7.192  0.259927
7.19525  0.259718
7.1985  0.259509
7.20175  0.259301
7.205  0.259093
7.20825  0.258885
7.2115  0.258677
7.21475  0.258469
7.218  0.258262
7.22125  0.258055
7.2245  0.257848
7.22775  0.257642
7.231  0.257435
7.23425  0.257229
7.2375  0.257023
7.24075  0.256818
7.244  0.256612
7.24725  0.256407
7.2505  0.256202
7.25375  0.255997
7.257  0.255793
7.26025  0.255589
7.2635  0.255385
7.26675  0.255181
7.27  0.254977
7.27325  0.254774
7.2765  0.254571
7.27975  0.254368
7.283  0.254165
7.28625  0.253963
7.2895  0.253761
7.29275  0.253559
7.296  0.253357
7.29925  0.253156
7.3025  0.252954
7.30575  0.252753
7.309  0.252553
7.31225  0.252352
7.3155  0.252152
7.31875  0.251952
7.322  0.251752
7.32525  0.251552
7.3285  0.251353
7.33175  0.251153
7.335  0.250954
7.33825  0.250756
7.3415  0.250557
7.34475  0.250359
7.348  0.250161
7.35125  0.249963
7.3545  0.249765
7.35775  0.249568
7.361  0.249371
7.36425  0.249174
7.3675  0.248977
7.37075  0.24878
7.374  0.248584
7.37725  0.248388
7.3805  0.248192
7.38375  0.247996
7.387  0.247801
7.39025  0.247606
7.3935  0.247411
7.39675  0.247216
7.4  0.247021
7.40325  0.246827
7.4065  0.246633
7.40975  0.246439
7.413  0.246245
7.41625  0.246052
7.4195  0.245859
7.42275  0.245666
7.426  0.245473
7.42925  0.24528
7.4325  0.245088
7.43575  0.244896
7.439  0.244704
7.44225  0.244512
7.4455  0.244321
7.44875  0.244129
7.452  0.243938
7.45525  0.243747
7.4585  0.243557
7.46175  0.243366
7.465  0.243176
7.46825  0.242986
7.4715  0.242796
7.47475  0.242607
7.478  0.242417
7.48125  0.242228
7.4845  0.242039
7.48775  0.24185
7.491  0.241662
7.49425  0.241473
7.4975  0.241285
7.50075  0.241097
7.504  0.24091
7.50725  0.240722
7.5105  0.240535
7.51375  0.240348
7.517  0.240161
7.52025  0.239974
7.5235  0.239788
7.52675  0.239602
7.53  0.239416
7.53325  0.23923
7.5365  0.239044
7.53975  0.238859
7.543  0.238674
7.54625  0.238489
7.5495  0.238304
7.55275  0.238119
7.556  0.237935
7.55925  0.237751
7.5625  0.237567
7.56575  0.237383
7.569  0.237199
7.57225  0.237016
7.5755  0.236833
7.57875  0.23665
7.582  0.236467
7.58525  0.236285
7.5885  0.236102
7.59175  0.23592
7.595  0.235738
7.59825  0.235556
7.6015  0.235375
7.60475  0.235193
7.608  0.235012
7.61125  0.234831
7.6145  0.234651
7.61775  0.23447
7.621  0.23429
7.62425  0.234109
7.6275  0.23393
7.63075  0.23375
7.634  0.23357
7.63725  0.233391
7.6405  0.233212
7.64375  0.233033
7.647  0.232854
7.65025  0.232675
7.6535  0.232497
7.65675  0.232319
7.66  0.232141
7.66325  0.231963
7.6665  0.231785
7.66975  0.231608
7.673  0.231431
7.67625  0.231254
7.6795  0.231077
7.68275  0.2309
7.686  0.230724
7.68925  0.230548
7.6925  0.230372
7.69575  0.230196
7.699  0.23002
7.70225  0.229845
7.7055  0.22967
7.70875  0.229494
7.712  0.22932
7.71525  0.229145
7.7185  0.22897
7.72175  0.228796
7.725  0.228622
7.72825  0.228448
7.7315  0.228274
7.73475  0.228101
7.738  0.227927
7.74125  0.227754
7.7445  0.227581
7.74775  0.227408
7.751  0.227236
7.75425  0.227063
7.7575  0.226891
7.76075  0.226719
7.764  0.226547
7.76725  0.226376
7.7705  0.226204
7.77375  0.226033
7.777  0.225862
7.78025  0.225691
7.7835  0.22552
7.78675  0.22535
7.79  0.225179
7.79325  0.225009
7.7965  0.224839
7.79975  0.224669
7.803  0.2245
7.80625  0.22433
7.8095  0.224161
7.81275  0.223992
7.816  0.223823
7.81925  0.223654
7.8225  0.223486
7.82575  0.223317
7.829  0.223149
7.83225  0.222981
7.8355  0.222813
7.83875  0.222646
7.842  0.222478
7.84525  0.222311
7.8485  0.222144
7.85175  0.221977
7.855  0.22181
7.85825  0.221644
7.8615  0.221478
7.86475  0.221311
7.868  0.221145
7.87125  0.22098
7.8745  0.220814
7.87775  0.220649
7.881  0.220483
7.88425  0.220318
7.8875  0.220153
7.89075  0.219989
7.894  0.219824
7.89725  0.21966
7.9005  0.219495
7.90375  0.219331
7.907  0.219168
7.91025  0.219004
7.9135  0.21884
7.91675  0.218677
7.92  0.218514
7.92325  0.218351
7.9265  0.218188
7.92975  0.218025
7.933  0.217863
7.93625  0.217701
7.9395  0.217539
7.94275  0.217377
7.946  0.217215
7.94925  0.217053
7.9525  0.216892
7.95575  0.216731
7.959  0.21657
7.96225  0.216409
7.9655  0.216248
7.96875  0.216088
7.972  0.215927
7.97525  0.215767
7.9785  0.215607
7.98175  0.215447
7.985  0.215287
7.98825  0.215128
7.9915  0.214968
7.99475  0.214809
7.998  0.21465
8.00125  0.214491
8.0045  0.214333
8.00775  0.214174
8.011  0.214016
8.01425  0.213858
8.0175  0.2137
8.02075  0.213542
8.024  0.213384
8.02725  0.213227
8.0305  0.21307
8.03375  0.212912
8.037  0.212755
8.04025  0.212599
8.0435  0.212442
8.04675  0.212285
8.05  0.212129
8.05325  0.211973
8.0565  0.211817
8.05975  0.211661
8.063  0.211506
8.06625  0.21135
8.0695  0.211195
8.07275  0.21104
8.076  0.210885
8.07925  0.21073
8.0825  0.210575
8.08575  0.210421
8.089  0.210266
8.09225  0.210112
8.0955  0.209958
8.09875  0.209804
8.102  0.20965
8.10525  0.209497
8.1085  0.209344
8.11175  0.20919
8.115  0.209037
8.11825  0.208884
8.1215  0.208732
8.12475  0.208579
8.128  0.208427
8.13125  0.208275
8.1345  0.208122
8.13775  0.207971
8.141  0.207819
8.14425  0.207667
8.1475  0.207516
8.15075  0.207365
8.154  0.207213
8.15725  0.207062
8.1605  0.206912
8.16375  0.206761
8.167  0.206611
8.17025  0.20646
8.1735  0.20631
8.17675  0.20616
8.18  0.20601
8.18325  0.205861
8.1865  0.205711
8.18975  0.205562
8.193  0.205412
8.19625  0.205263
8.1995  0.205114
8.20275  0.204966
8.206  0.204817
8.20925  0.204669
8.2125  0.20452
8.21575  0.204372
8.219  0.204224
8.22225  0.204076
8.2255  0.203929
8.22875  0.203781
8.232  0.203634
8.23525  0.203487
8.2385  0.20334
8.24175  0.203193
8.245  0.203046
8.24825  0.202899
8.2515  0.202753
8.25475  0.202607
8.258  0.202461
8.26125  0.202315
8.2645  0.202169
8.26775  0.202023
8.271  0.201878
8.27425  0.201732
8.2775  0.201587
8.28075  0.201442
8.284  0.201297
8.28725  0.201152
8.2905  0.201008
8.29375  0.200863
8.297  0.200719
8.30025  0.200575
8.3035  0.200431
8.30675  0.200287
8.31  0.200143
8.31325  0.2
8.3165  0.199856
8.31975  0.199713
8.323  0.19957
8.32625  0.199427
8.3295  0.199284
8.33275  0.199141
8.336  0.198999
8.33925  0.198856
8.3425  0.198714
8.34575  0.198572
8.349  0.19843
8.35225  0.198288
8.3555  0.198147
8.35875  0.198005
8.362  0.197864
8.36525  0.197723
8.3685  0.197582
8.37175  0.197441
8.375  0.1973
8.37825  0.197159
8.3815  0.197019
8.38475  0.196879
8.388  0.196738
8.39125  0.196598
8.3945  0.196459
8.39775  0.196319
8.401  0.196179
8.40425  0.19604
8.4075  0.1959
8.41075  0.195761
8.414  0.195622
8.41725  0.195483
8.4205  0.195345
8.42375  0.195206
8.427  0.195067
8.43025  0.194929
8.4335  0.194791
8.43675  0.194653
8.44  0.194515
8.44325  0.194377
8.4465  0.19424
8.44975  0.194102
8.453  0.193965
8.45625  0.193828
8.4595  0.193691
8.46275  0.193554
8.466  0.193417
8.46925  0.19328
8.4725  0.193144
8.47575  0.193008
8.479  0.192871
8.48225  0.192735
8.4855  0.192599
8.48875  0.192464
8.492  0.192328
8.49525  0.192192
8.4985  0.192057
8.50175  0.191922
8.505  0.191787
8.50825  0.191652
8.5115  0.191517
8.51475  0.191382
8.518  0.191248
8.52125  0.191113
8.5245  0.190979
8.52775  0.190845
8.531  0.190711
8.53425  0.190577
8.5375  0.190443
8.54075  0.19031
8.544  0.190176
8.54725  0.190043
8.5505  0.18991
8.55375  0.189777
8.557  0.189644
8.56025  0.189511
8.5635  0.189378
8.56675  0.189246
8.57  0.189114
8.57325  0.188981
8.5765  0.188849
8.57975  0.188717
8.583  0.188585
8.58625  0.188454
8.5895  0.188322
8.59275  0.188191
8.596  0.188059
8.59925  0.187928
8.6025  0.187797
8.60575  0.187666
8.609  0.187536
8.61225  0.187405
8.6155  0.187274
8.61875  0.187144
8.622  0.187014
8.62525  0.186884
8.6285  0.186754
8.63175  0.186624
8.635  0.186494
8.63825  0.186365
8.6415  0.186235
8.64475  0.186106
8.648  0.185977
8.65125  0.185848
8.6545  0.185719
8.65775  0.18559
8.661  0.185461
8.66425  0.185333
8.6675  0.185204
8.67075  0.185076
8.674  0.184948
8.67725  0.18482
8.6805  0.184692
8.68375  0.184564
8.687  0.184436
8.69025  0.184309
8.6935  0.184181
8.69675  0.184054
8.7  0.183927
8.70325  0.1838
8.7065  0.183673
8.70975  0.183546
8.713  0.18342
8.71625  0.183293
8.7195  0.183167
8.72275  0.183041
8.726  0.182915
8.72925  0.182789
8.7325  0.182663
8.73575  0.182537
8.739  0.182411
8.74225  0.182286
8.7455  0.182161
8.74875  0.182035
8.752  0.18191
8.75525  0.181785
8.7585  0.18166
8.76175  0.181536
8.765  0.181411
8.76825  0.181287
8.7715  0.181162
8.77475  0.181038
8.778  0.180914
8.78125  0.18079
8.7845  0.180666
8.78775  0.180542
8.791  0.180419
8.79425  0.180295
8.7975  0.180172
8.80075  0.180049
8.804  0.179925
8.80725  0.179802
8.8105  0.17968
8.81375  0.179557
8.817  0.179434
8.82025  0.179312
8.8235  0.179189
8.82675  0.179067
8.83  0.178945
8.83325  0.178823
8.8365  0.178701
8.83975  0.178579
8.843  0.178457
8.84625  0.178336
8.8495  0.178214
8.85275  0.178093
8.856  0.177972
8.85925  0.177851
8.8625  0.17773
8.86575  0.177609
8.869  0.177488
8.87225  0.177368
8.8755  0.177247
8.87875  0.177127
8.882  0.177007
8.88525  0.176887
8.8885  0.176767
8.89175  0.176647
8.895  0.176527
8.89825  0.176407
8.9015  0.176288
8.90475  0.176169
8.908  0.176049
8.91125  0.17593
8.9145  0.175811
8.91775  0.175692
8.921  0.175573
8.92425  0.175455
8.9275  0.175336
8.93075  0.175218
8.934  0.175099
8.93725  0.174981
8.9405  0.174863
8.94375  0.174745
8.947  0.174627
8.95025  0.174509
8.9535  0.174392
8.95675  0.174274
8.96  0.174157
8.96325  0.174039
8.9665  0.173922
8.96975  0.173805
8.973  0.173688
8.97625  0.173571
8.9795  0.173455
8.98275  0.173338
8.986  0.173221
8.98925  0.173105
8.9925  0.172989
8.99575  0.172873
8.999  0.172757
9.00225  0.172641
9.0055  0.172525
9.00875  0.172409
9.012  0.172294
9.01525  0.172178
9.0185  0.172063
9.02175  0.171947
9.025  0.171832
9.02825  0.171717
9.0315  0.171602
9.03475  0.171488
9.038  0.171373
9.04125  0.171258
9.0445  0.171144
9.04775  0.171029
9.051  0.170915
9.05425  0.170801
9.0575  0.170687
9.06075  0.170573
9.064  0.170459
9.06725  0.170346
9.0705  0.170232
9.07375  0.170119
9.077  0.170005
9.08025  0.169892
9.0835  0.169779
9.08675  0.169666
9.09  0.169553
9.09325  0.16944
9.0965  0.169327
9.09975  0.169215
9.103  0.169102
9.10625  0.16899
9.1095  0.168878
9.11275  0.168765
9.116  0.168653
9.11925  0.168541
9.1225  0.16843
9.12575  0.168318
9.129  0.168206
9.13225  0.168095
9.1355  0.167983
9.13875  0.167872
9.142  0.167761
9.14525  0.16765
9.1485  0.167539
9.15175  0.167428
9.155  0.167317
9.15825  0.167207
9.1615  0.167096
9.16475  0.166986
9.168  0.166875
9.17125  0.166765
9.1745  0.166655
9.17775  0.166545
9.181  0.166435
9.18425  0.166325
9.1875  0.166216
9.19075  0.166106
9.194  0.165996
9.19725  0.165887
9.2005  0.165778
9.20375  0.165669
9.207  0.16556
9.21025  0.165451
9.2135  0.165342
9.21675  0.165233
9.22  0.165124
9.22325  0.165016
9.2265  0.164907
9.22975  0.164799
9.233  0.164691
9.23625  0.164583
9.2395  0.164475
9.24275  0.164367
9.246  0.164259
9.24925  0.164151
9.2525  0.164044
9.25575  0.163936
9.259  0.163829
9.26225  0.163722
9.2655  0.163614
9.26875  0.163507
9.272  0.1634
9.27525  0.163293
9.2785  0.163187
9.28175  0.16308
9.285  0.162973
9.28825  0.162867
9.2915  0.16276
9.29475  0.162654
9.298  0.162548
9.30125  0.162442
9.3045  0.162336
9.30775  0.16223
9.311  0.162124
9.31425  0.162019
9.3175  0.161913
9.32075  0.161808
9.324  0.161702
9.32725  0.161597
9.3305  0.161492
9.33375  0.161387
9.337  0.161282
9.34025  0.161177
9.3435  0.161072
9.34675  0.160967
9.35  0.160863
9.35325  0.160758
9.3565  0.160654
9.35975  0.16055
9.363  0.160446
9.36625  0.160341
9.3695  0.160237
9.37275  0.160134
9.376  0.16003
9.37925  0.159926
9.3825  0.159823
9.38575  0.159719
9.389  0.159616
9.39225  0.159512
9.3955  0.159409
9.39875  0.159306
9.402  0.159203
9.40525  0.1591
9.4085  0.158997
9.41175  0.158895
9.415  0.158792
9.41825  0.15869
9.4215  0.158587
9.42475  0.158485
9.428  0.158383
9.43125  0.158281
9.4345  0.158178
9.43775  0.158077
9.441  0.157975
9.44425  0.157873
9.4475  0.157771
9.45075  0.15767
9.454  0.157568
9.45725  0.157467
9.4605  0.157366
9.46375  0.157265
9.467  0.157163
9.47025  0.157062
9.4735  0.156962
9.47675  0.156861
9.48  0.15676
9.48325  0.15666
9.4865  0.156559
9.48975  0.156459
9.493  0.156358
9.49625  0.156258
9.4995  0.156158
9.50275  0.156058
9.506  0.155958
9.50925  0.155858
9.5125  0.155758
9.51575  0.155659
9.519  0.155559
9.52225  0.15546
9.5255  0.15536
9.52875  0.155261
9.532  0.155162
9.53525  0.155063
9.5385  0.154964
9.54175  0.154865
9.545  0.154766
9.54825  0.154667
9.5515  0.154569
9.55475  0.15447
9.558  0.154372
9.56125  0.154273
9.5645  0.154175
9.56775  0.154077
9.571  0.153979
9.57425  0.153881
9.5775  0.153783
9.58075  0.153685
9.584  0.153587
9.58725  0.15349
9.5905  0.153392
9.59375  0.153295
9.597  0.153197
9.60025  0.1531
9.6035  0.153003
9.60675  0.152906
9.61  0.152809
9.61325  0.152712
9.6165  0.152615
9.61975  0.152518
9.623  0.152422
9.62625  0.152325
9.6295  0.152229
9.63275  0.152132
9.636  0.152036
9.63925  0.15194
9.6425  0.151844
9.64575  0.151748
9.649  0.151652
9.65225  0.151556
9.6555  0.15146
9.65875  0.151364
9.662  0.151269
9.66525  0.151173
9.6685  0.151078
9.67175  0.150983
9.675  0.150887
9.67825  0.150792
9.6815  0.150697
9.68475  0.150602
9.688  0.150507
9.69125  0.150413
9.6945  0.150318
9.69775  0.150223
9.701  0.150129
9.70425  0.150034
9.7075  0.14994
9.71075  0.149846
9.714  0.149752
9.71725  0.149657
9.7205  0.149563
9.72375  0.14947
9.727  0.149376
9.73025  0.149282
9.7335  0.149188
9.73675  0.149095
9.74  0.149001
9.74325  0.148908
9.7465  0.148815
9.74975  0.148721
9.753  0.148628
9.75625  0.148535
9.7595  0.148442
9.76275  0.148349
9.766  0.148256
9.76925  0.148164
9.7725  0.148071
9.77575  0.147979
9.779  0.147886
9.78225  0.147794
9.7855  0.147701
9.78875  0.147609
9.792  0.147517
9.79525  0.147425
9.7985  0.147333
9.80175  0.147241
9.805  0.14715
9.80825  0.147058
9.8115  0.146966
9.81475  0.146875
9.818  0.146783
9.82125  0.146692
9.8245  0.146601
9.82775  0.146509
9.831  0.146418
9.83425  0.146327
9.8375  0.146236
9.84075  0.146145
9.844  0.146055
9.84725  0.145964
9.8505  0.145873
9.85375  0.145783
9.857  0.145692
9.86025  0.145602
9.8635  0.145512
9.86675  0.145421
9.87  0.145331
9.87325  0.145241
9.8765  0.145151
9.87975  0.145061
9.883  0.144972
9.88625  0.144882
9.8895  0.144792
9.89275  0.144703
9.896  0.144613
9.89925  0.144524
9.9025  0.144435
9.90575  0.144345
9.909  0.144256
9.91225  0.144167
9.9155  0.144078
9.91875  0.143989
9.922  0.1439
9.92525  0.143812
9.9285  0.143723
9.93175  0.143634
9.935  0.143546
9.93825  0.143457
9.9415  0.143369
9.94475  0.143281
9.948  0.143193
9.95125  0.143104
9.9545  0.143016
9.95775  0.142928
9.961  0.142841
9.96425  0.142753
9.9675  0.142665
9.97075  0.142577
9.974  0.14249
9.97725  0.142402
9.9805  0.142315
9.98375  0.142228
9.987  0.142141
9.99025  0.142053
9.9935  0.141966
9.99675  0.141879
