0.25  0.860843
0.25325  0.899173
0.2565  0.866529
0.25975  0.772744
0.263  0.635551
0.26625  0.4768
0.2695  0.318826
0.27275  0.181436
0.276  0.0797996
0.27925  0.0233119
0.2825  0.0153634
0.28575  0.053837
0.289  0.132122
0.29225  0.240418
0.2955  0.36713
0.29875  0.500185
0.302  0.628176
0.30525  0.741232
0.3085  0.83162
0.31175  0.894062
0.315  0.925805
0.31825  0.926485
0.3215  0.897846
0.32475  0.843344
0.328  0.767706
0.33125  0.676478
0.3345  0.575588
0.33775  0.470957
0.341  0.368176
0.34425  0.27224
0.3475  0.187371
0.35075  0.116896
0.354  0.0631981
0.35725  0.0277149
0.3605  0.0109883
0.36375  0.0127442
0.367  0.031999
0.37025  0.0671809
0.3735  0.116259
0.37675  0.17687
0.38  0.246446
0.38325  0.322324
0.3865  0.401851
0.38975  0.482468
0.393  0.561788
0.39625  0.637644
0.3995  0.708137
0.40275  0.771663
0.406  0.826923
0.40925  0.872934
0.4125  0.909015
0.41575  0.934779
0.419  0.950112
0.42225  0.955145
0.4255  0.95023
0.42875  0.935906
0.432  0.912873
0.43525  0.881956
0.4385  0.844077
0.44175  0.800228
0.445  0.751442
0.44825  0.69877
0.4515  0.643258
0.45475  0.585932
0.458  0.527774
0.46125  0.469716
0.4645  0.412625
0.46775  0.357294
0.471  0.304439
0.47425  0.254691
0.4775  0.208597
0.48075  0.166616
0.484  0.129122
0.48725  0.0964082
0.4905  0.0686854
0.49375  0.0460898
0.497  0.0286861
0.50025  0.0164736
0.5035  0.00939135
0.50675  0.00732405
0.51  0.0101083
0.51325  0.0175385
0.5165  0.0293725
0.51975  0.0453379
0.523  0.065137
0.52625  0.0884524
0.5295  0.114952
0.53275  0.144294
0.536  0.17613
0.53925  0.210109
0.5425  0.245884
0.54575  0.28311
0.549  0.321452
0.55225  0.360584
0.5555  0.400191
0.55875  0.439973
0.562  0.479647
0.56525  0.518944
0.5685  0.557614
0.57175  0.595425
0.575  0.632163
0.57825  0.667635
0.5815  0.701663
0.58475  0.734093
0.588  0.764785
0.59125  0.79362
0.5945  0.820496
0.59775  0.845327
0.601  0.868047
0.60425  0.888601
0.6075  0.906953
0.61075  0.923079
0.614  0.936968
0.61725  0.948623
0.6205  0.958057
0.62375  0.965295
0.627  0.970372
0.63025  0.97333
0.6335  0.974221
0.63675  0.973103
0.64  0.970041
0.64325  0.965106
0.6465  0.958373
0.64975  0.949923
0.653  0.939838
0.65625  0.928205
0.6595  0.915113
0.66275  0.900651
0.666  0.884911
0.66925  0.867986
0.6725  0.849968
0.67575  0.830949
0.679  0.811021
0.68225  0.790274
0.6855  0.768799
0.68875  0.746684
0.692  0.724014
0.69525  0.700873
0.6985  0.677345
0.70175  0.653508
0.705  0.629439
0.70825  0.605213
0.7115  0.580901
0.71475  0.556572
0.718  0.532291
0.72125  0.508122
0.7245  0.484123
0.72775  0.460351
0.731  0.43686
0.73425  0.4137
0.7375  0.390917
0.74075  0.368557
0.744  0.346661
0.74725  0.325266
0.7505  0.304408
0.75375  0.28412
0.757  0.264432
0.76025  0.24537
0.7635  0.226959
0.76675  0.20922
0.77  0.192174
0.77325  0.175836
0.7765  0.160223
0.77975  0.145346
0.783  0.131215
0.78625  0.117839
0.7895  0.105224
0.79275  0.0933753
0.796  0.0822949
0.79925  0.0719841
0.8025  0.0624423
0.80575  0.0536676
0.809  0.0456563
0.81225  0.0384039
0.8155  0.0319041
0.81875  0.0261498
0.822  0.0211327
0.82525  0.0168435
0.8285  0.0132717
0.83175  0.0104063
0.835  0.00823532
0.83825  0.00674597
0.8415  0.00592487
0.84475  0.00575803
0.848  0.00623085
0.85125  0.00732827
0.8545  0.00903476
0.85775  0.0113344
0.861  0.014211
0.86425  0.017648
0.8675  0.0216285
0.87075  0.0261356
0.874  0.0311521
0.87725  0.0366608
0.8805  0.0426442
0.88375  0.0490849
0.887  0.0559654
0.89025  0.0632683
0.8935  0.0709763
0.89675  0.0790719
0.9  0.0875379
0.90325  0.0963572
0.9065  0.105513
0.90975  0.114988
0.913  0.124766
0.91625  0.13483
0.9195  0.145164
0.92275  0.155753
0.926  0.166579
0.92925  0.177629
0.9325  0.188885
0.93575  0.200335
0.939  0.211962
0.94225  0.223753
0.9455  0.235692
0.94875  0.247768
0.952  0.259965
0.95525  0.272271
0.9585  0.284672
0.96175  0.297158
0.965  0.309714
0.96825  0.322329
0.9715  0.334992
0.97475  0.347692
0.978  0.360417
0.98125  0.373156
0.9845  0.385901
0.98775  0.39864
0.991  0.411364
0.99425  0.424063
0.9975  0.43673
1.00075  0.449354
1.004  0.461928
1.00725  0.474444
1.0105  0.486894
1.01375  0.49927
1.017  0.511565
1.02025  0.523773
1.0235  0.535886
1.02675  0.547899
1.03  0.559806
1.03325  0.5716
1.0365  0.583276
1.03975  0.594829
1.043  0.606254
1.04625  0.617547
1.0495  0.628702
1.05275  0.639716
1.056  0.650584
1.05925  0.661303
1.0625  0.671869
1.06575  0.682279
1.069  0.69253
1.07225  0.702618
1.0755  0.712542
1.07875  0.722298
1.082  0.731884
1.08525  0.741298
1.0885  0.750539
1.09175  0.759604
1.095  0.768491
1.09825  0.7772
1.1015  0.785728
1.10475  0.794075
1.108  0.80224
1.11125  0.810222
1.1145  0.81802
1.11775  0.825634
1.121  0.833062
1.12425  0.840306
1.1275  0.847364
1.13075  0.854236
1.134  0.860924
1.13725  0.867425
1.1405  0.873742
1.14375  0.879874
1.147  0.885822
1.15025  0.891585
1.1535  0.897166
1.15675  0.902564
1.16  0.907781
1.16325  0.912816
1.1665  0.917672
1.16975  0.922348
1.173  0.926847
1.17625  0.931169
1.1795  0.935316
1.18275  0.939288
1.186  0.943088
1.18925  0.946716
1.1925  0.950173
1.19575  0.953462
1.199  0.956584
1.20225  0.95954
1.2055  0.962332
1.20875  0.964962
1.212  0.967431
1.21525  0.969741
1.2185  0.971893
1.22175  0.97389
1.225  0.975733
1.22825  0.977424
1.2315  0.978964
1.23475  0.980357
1.238  0.981602
1.24125  0.982704
1.2445  0.983662
1.24775  0.98448
1.251  0.985159
1.25425  0.9857
1.2575  0.986107
1.26075  0.986381
1.264  0.986524
1.26725  0.986537
1.2705  0.986423
1.27375  0.986184
1.277  0.985822
1.28025  0.985339
1.2835  0.984736
1.28675  0.984016
1.29  0.98318
1.29325  0.982231
1.2965  0.981171
1.29975  0.980001
1.303  0.978724
1.30625  0.977341
1.3095  0.975854
1.31275  0.974265
1.316  0.972577
1.31925  0.970791
1.3225  0.968908
1.32575  0.966932
1.329  0.964863
1.33225  0.962704
1.3355  0.960456
1.33875  0.958121
1.342  0.955701
1.34525  0.953198
1.3485  0.950614
1.35175  0.947951
1.355  0.945209
1.35825  0.942392
1.3615  0.9395
1.36475  0.936535
1.368  0.9335
1.37125  0.930395
1.3745  0.927223
1.37775  0.923985
1.381  0.920682
1.38425  0.917317
1.3875  0.913891
1.39075  0.910405
1.394  0.906862
1.39725  0.903262
1.4005  0.899607
1.40375  0.895899
1.407  0.892138
1.41025  0.888328
1.4135  0.884469
1.41675  0.880562
1.42  0.876609
1.42325  0.872611
1.4265  0.868571
1.42975  0.864488
1.433  0.860364
1.43625  0.856202
1.4395  0.852001
1.44275  0.847764
1.446  0.843492
1.44925  0.839185
1.4525  0.834845
1.45575  0.830474
1.459  0.826072
1.46225  0.821641
1.4655  0.817182
1.46875  0.812696
1.472  0.808184
1.47525  0.803647
1.4785  0.799087
1.48175  0.794504
1.485  0.7899
1.48825  0.785275
1.4915  0.780631
1.49475  0.775968
1.498  0.771288
1.50125  0.766592
1.5045  0.76188
1.50775  0.757153
1.511  0.752413
1.51425  0.74766
1.5175  0.742896
1.52075  0.73812
1.524  0.733335
1.52725  0.72854
1.5305  0.723737
1.53375  0.718926
1.537  0.714109
1.54025  0.709285
1.5435  0.704457
1.54675  0.699624
1.55  0.694787
1.55325  0.689948
1.5565  0.685106
1.55975  0.680263
1.563  0.675419
1.56625  0.670574
1.5695  0.665731
1.57275  0.660888
1.576  0.656047
1.57925  0.651209
1.5825  0.646374
1.58575  0.641542
1.589  0.636715
1.59225  0.631892
1.5955  0.627075
1.59875  0.622264
1.602  0.617459
1.60525  0.612661
1.6085  0.607871
1.61175  0.603089
1.615  0.598315
1.61825  0.59355
1.6215  0.588795
1.62475  0.584049
1.628  0.579314
1.63125  0.57459
1.6345  0.569877
1.63775  0.565176
1.641  0.560487
1.64425  0.55581
1.6475  0.551146
1.65075  0.546495
1.654  0.541858
1.65725  0.537235
1.6605  0.532626
1.66375  0.528032
1.667  0.523453
1.67025  0.518889
1.6735  0.514341
1.67675  0.509809
1.68  0.505293
1.68325  0.500793
1.6865  0.496311
1.68975  0.491845
1.693  0.487397
1.69625  0.482967
1.6995  0.478554
1.70275  0.47416
1.706  0.469784
1.70925  0.465427
1.7125  0.461088
1.71575  0.456768
1.719  0.452468
1.72225  0.448187
1.7255  0.443926
1.72875  0.439685
1.732  0.435464
1.73525  0.431263
1.7385  0.427082
1.74175  0.422922
1.745  0.418783
1.74825  0.414664
1.7515  0.410567
1.75475  0.40649
1.758  0.402435
1.76125  0.398402
1.7645  0.39439
1.76775  0.390399
1.771  0.386431
1.77425  0.382484
1.7775  0.378559
1.78075  0.374657
1.784  0.370777
1.78725  0.366918
1.7905  0.363083
1.79375  0.35927
1.797  0.355479
1.80025  0.351711
1.8035  0.347966
1.80675  0.344243
1.81  0.340544
1.81325  0.336867
1.8165  0.333213
1.81975  0.329582
1.823  0.325974
1.82625  0.322389
1.8295  0.318828
1.83275  0.315289
1.836  0.311774
1.83925  0.308282
1.8425  0.304813
1.84575  0.301367
1.849  0.297944
1.85225  0.294545
1.8555  0.29117
1.85875  0.287817
1.862  0.284488
1.86525  0.281182
1.8685  0.277899
1.87175  0.27464
1.875  0.271404
1.87825  0.268191
1.8815  0.265002
1.88475  0.261836
1.888  0.258693
1.89125  0.255573
1.8945  0.252477
1.89775  0.249404
1.901  0.246354
1.90425  0.243327
1.9075  0.240323
1.91075  0.237343
1.914  0.234385
1.91725  0.231451
1.9205  0.228539
1.92375  0.22565
1.927  0.222785
1.93025  0.219942
1.9335  0.217122
1.93675  0.214325
1.94  0.21155
1.94325  0.208798
1.9465  0.206069
1.94975  0.203363
1.953  0.200678
1.95625  0.198017
1.9595  0.195377
1.96275  0.192761
1.966  0.190166
1.96925  0.187594
1.9725  0.185043
1.97575  0.182515
1.979  0.180009
1.98225  0.177525
1.9855  0.175063
1.98875  0.172622
1.992  0.170204
1.99525  0.167807
1.9985  0.165432
2.00175  0.163078
2.005  0.160746
2.00825  0.158435
2.0115  0.156145
2.01475  0.153877
2.018  0.15163
2.02125  0.149404
2.0245  0.147199
2.02775  0.145015
2.031  0.142851
2.03425  0.140709
2.0375  0.138587
2.04075  0.136486
2.044  0.134406
2.04725  0.132345
2.0505  0.130306
2.05375  0.128286
2.057  0.126287
2.06025  0.124308
2.0635  0.122349
2.06675  0.120409
2.07  0.11849
2.07325  0.11659
2.0765  0.11471
2.07975  0.11285
2.083  0.111009
2.08625  0.109188
2.0895  0.107385
2.09275  0.105602
2.096  0.103839
2.09925  0.102094
2.1025  0.100368
2.10575  0.0986612
2.109  0.096973
2.11225  0.0953036
2.1155  0.0936527
2.11875  0.0920203
2.122  0.0904063
2.12525  0.0888106
2.1285  0.0872332
2.13175  0.0856739
2.135  0.0841326
2.13825  0.0826093
2.1415  0.0811038
2.14475  0.079616
2.148  0.078146
2.15125  0.0766935
2.1545  0.0752585
2.15775  0.0738409
2.161  0.0724405
2.16425  0.0710574
2.1675  0.0696914
2.17075  0.0683423
2.174  0.0670102
2.17725  0.065695
2.1805  0.0643964
2.18375  0.0631145
2.187  0.0618492
2.19025  0.0606003
2.1935  0.0593678
2.19675  0.0581515
2.2  0.0569514
2.20325  0.0557674
2.2065  0.0545994
2.20975  0.0534473
2.213  0.052311
2.21625  0.0511904
2.2195  0.0500855
2.22275  0.048996
2.226  0.047922
2.22925  0.0468634
2.2325  0.04582
2.23575  0.0447918
2.239  0.0437786
2.24225  0.0427804
2.2455  0.0417972
2.24875  0.0408287
2.252  0.0398749
2.25525  0.0389358
2.2585  0.0380112
2.26175  0.037101
2.265  0.0362052
2.26825  0.0353237
2.2715  0.0344563
2.27475  0.0336031
2.278  0.0327638
2.28125  0.0319384
2.2845  0.0311269
2.28775  0.0303291
2.291  0.029545
2.29425  0.0287744
2.2975  0.0280173
2.30075  0.0272735
2.304  0.0265431
2.30725  0.0258259
2.3105  0.0251218
2.31375  0.0244308
2.317  0.0237528
2.32025  0.0230876
2.3235  0.0224352
2.32675  0.0217955
2.33  0.0211684
2.33325  0.0205539
2.3365  0.0199518
2.33975  0.0193621
2.343  0.0187848
2.34625  0.0182196
2.3495  0.0176665
2.35275  0.0171255
2.356  0.0165965
2.35925  0.0160793
2.3625  0.0155739
2.36575  0.0150803
2.369  0.0145983
2.37225  0.0141279
2.3755  0.013669
2.37875  0.0132214
2.382  0.0127852
2.38525  0.0123603
2.3885  0.0119465
2.39175  0.0115438
2.395  0.0111521
2.39825  0.0107714
2.4015  0.0104015
2.40475  0.0100424
2.408  0.00969403
2.41125  0.00935629
2.4145  0.00902911
2.41775  0.00871242
2.421  0.00840614
2.42425  0.0081102
2.4275  0.00782452
2.43075  0.00754903
2.434  0.00728366
2.43725  0.00702833
2.4405  0.00678297
2.44375  0.00654752
2.447  0.00632189
2.45025  0.00610602
2.4535  0.00589984
2.45675  0.00570327
2.46  0.00551625
2.46325  0.0053387
2.4665  0.00517057
2.46975  0.00501176
2.473  0.00486223
2.47625  0.0047219
2.4795  0.0045907
2.48275  0.00446856
2.486  0.00435542
2.48925  0.00425121
2.4925  0.00415587
2.49575  0.00406932
2.499  0.0039915
2.50225  0.00392235
2.5055  0.0038618
2.50875  0.00380979
2.512  0.00376624
2.51525  0.0037311
2.5185  0.00370431
2.52175  0.00368579
2.525  0.0036755
2.52825  0.00367335
2.5315  0.0036793
2.53475  0.00369327
2.538  0.00371521
2.54125  0.00374506
2.5445  0.00378275
2.54775  0.00382823
2.551  0.00388143
2.55425  0.0039423
2.5575  0.00401076
2.56075  0.00408678
2.564  0.00417028
2.56725  0.0042612
2.5705  0.0043595
2.57375  0.0044651
2.577  0.00457796
2.58025  0.00469801
2.5835  0.00482521
2.58675  0.00495948
2.59  0.00510078
2.59325  0.00524905
2.5965  0.00540424
2.59975  0.00556628
2.603  0.00573513
2.60625  0.00591072
2.6095  0.00609301
2.61275  0.00628194
2.616  0.00647746
2.61925  0.00667951
2.6225  0.00688805
2.62575  0.00710301
2.629  0.00732434
2.63225  0.007552
2.6355  0.00778593
2.63875  0.00802608
2.642  0.0082724
2.64525  0.00852483
2.6485  0.00878334
2.65175  0.00904786
2.655  0.00931834
2.65825  0.00959475
2.6615  0.00987702
2.66475  0.0101651
2.668  0.010459
2.67125  0.0107586
2.6745  0.0110638
2.67775  0.0113747
2.681  0.0116912
2.68425  0.0120132
2.6875  0.0123407
2.69075  0.0126736
2.694  0.0130119
2.69725  0.0133555
2.7005  0.0137045
2.70375  0.0140587
2.707  0.0144181
2.71025  0.0147827
2.7135  0.0151524
2.71675  0.0155272
2.72  0.015907
2.72325  0.0162918
2.7265  0.0166816
2.72975  0.0170762
2.733  0.0174757
2.73625  0.01788
2.7395  0.0182891
2.74275  0.018703
2.746  0.0191215
2.74925  0.0195446
2.7525  0.0199724
2.75575  0.0204048
2.759  0.0208416
2.76225  0.021283
2.7655  0.0217288
2.76875  0.022179
2.772  0.0226335
2.77525  0.0230924
2.7785  0.0235556
2.78175  0.024023
2.785  0.0244946
2.78825  0.0249704
2.7915  0.0254504
2.79475  0.0259344
2.798  0.0264225
2.80125  0.0269146
2.8045  0.0274107
2.80775  0.0279107
2.811  0.0284147
2.81425  0.0289225
2.8175  0.0294341
2.82075  0.0299496
2.824  0.0304688
2.82725  0.0309918
2.8305  0.0315184
2.83375  0.0320487
2.837  0.0325826
2.84025  0.0331202
2.8435  0.0336612
2.84675  0.0342058
2.85  0.0347539
2.85325  0.0353055
2.8565  0.0358604
2.85975  0.0364188
2.863  0.0369805
2.86625  0.0375455
2.8695  0.0381138
2.87275  0.0386854
2.876  0.0392602
2.87925  0.0398382
2.8825  0.0404194
2.88575  0.0410037
2.889  0.0415911
2.89225  0.0421816
2.8955  0.0427751
2.89875  0.0433716
2.902  0.0439711
2.90525  0.0445735
2.9085  0.0451789
2.91175  0.0457871
2.915  0.0463983
2.91825  0.0470122
2.9215  0.0476289
2.92475  0.0482485
2.928  0.0488707
2.93125  0.0494957
2.9345  0.0501234
2.93775  0.0507537
2.941  0.0513867
2.94425  0.0520222
2.9475  0.0526604
2.95075  0.0533011
2.954  0.0539443
2.95725  0.05459
2.9605  0.0552382
2.96375  0.0558888
2.967  0.0565418
2.97025  0.0571972
2.9735  0.057855
2.97675  0.0585152
2.98  0.0591776
2.98325  0.0598423
2.9865  0.0605093
2.98975  0.0611786
2.993  0.06185
2.99625  0.0625236
2.9995  0.0631994
3.00275  0.0638774
3.006  0.0645574
3.00925  0.0652396
3.0125  0.0659238
3.01575  0.06661
3.019  0.0672983
3.02225  0.0679886
3.0255  0.0686808
3.02875  0.069375
3.032  0.0700712
3.03525  0.0707692
3.0385  0.0714691
3.04175  0.0721709
3.045  0.0728745
3.04825  0.0735799
3.0515  0.0742872
3.05475  0.0749962
3.058  0.0757069
3.06125  0.0764194
3.0645  0.0771336
3.06775  0.0778495
3.071  0.078567
3.07425  0.0792862
3.0775  0.0800071
3.08075  0.0807295
3.084  0.0814535
3.08725  0.0821791
3.0905  0.0829062
3.09375  0.0836349
3.097  0.0843651
3.10025  0.0850967
3.1035  0.0858298
3.10675  0.0865644
3.11  0.0873004
3.11325  0.0880378
3.1165  0.0887766
3.11975  0.0895167
3.123  0.0902583
3.12625  0.0910011
3.1295  0.0917453
3.13275  0.0924908
3.136  0.0932375
3.13925  0.0939856
3.1425  0.0947348
3.14575  0.0954853
3.149  0.096237
3.15225  0.0969899
3.1555  0.097744
3.15875  0.0984992
3.162  0.0992556
3.16525  0.100013
3.1685  0.100772
3.17175  0.101531
3.175  0.102292
3.17825  0.103054
3.1815  0.103817
3.18475  0.104581
3.188  0.105346
3.19125  0.106112
3.1945  0.106879
3.19775  0.107646
3.201  0.108415
3.20425  0.109185
3.2075  0.109956
3.21075  0.110727
3.214  0.1115
3.21725  0.112273
3.2205  0.113047
3.22375  0.113822
3.227  0.114598
3.23025  0.115375
3.2335  0.116152
3.23675  0.11693
3.24  0.117709
3.24325  0.118489
3.2465  0.11927
3.24975  0.120051
3.253  0.120833
3.25625  0.121616
3.2595  0.122399
3.26275  0.123183
3.266  0.123968
3.26925  0.124753
3.2725  0.125539
3.27575  0.126326
3.279  0.127113
3.28225  0.127901
3.2855  0.128689
3.28875  0.129478
3.292  0.130268
3.29525  0.131058
3.2985  0.131848
3.30175  0.132639
3.305  0.133431
3.30825  0.134223
3.3115  0.135016
3.31475  0.135809
3.318  0.136603
3.32125  0.137397
3.3245  0.138191
3.32775  0.138986
3.331  0.139781
3.33425  0.140577
3.3375  0.141373
3.34075  0.14217
3.344  0.142966
3.34725  0.143764
3.3505  0.144561
3.35375  0.145359
3.357  0.146157
3.36025  0.146956
3.3635  0.147755
3.36675  0.148554
3.37  0.149354
3.37325  0.150153
3.3765  0.150953
3.37975  0.151754
3.383  0.152554
3.38625  0.153355
3.3895  0.154156
3.39275  0.154957
3.396  0.155759
3.39925  0.15656
3.4025  0.157362
3.40575  0.158164
3.409  0.158966
3.41225  0.159769
3.4155  0.160571
3.41875  0.161374
3.422  0.162176
3.42525  0.162979
3.4285  0.163782
3.43175  0.164585
3.435  0.165389
3.43825  0.166192
3.4415  0.166995
3.44475  0.167799
3.448  0.168602
3.45125  0.169406
3.4545  0.170209
3.45775  0.171013
3.461  0.171817
3.46425  0.17262
3.4675  0.173424
3.47075  0.174228
3.474  0.175032
3.47725  0.175835
3.4805  0.176639
3.48375  0.177443
3.487  0.178246
3.49025  0.17905
3.4935  0.179853
3.49675  0.180657
3.5  0.18146
3.50325  0.182264
3.5065  0.183067
3.50975  0.18387
3.513  0.184673
3.51625  0.185476
3.5195  0.186279
3.52275  0.187082
3.526  0.187885
3.52925  0.188687
3.5325  0.18949
3.53575  0.190292
3.539  0.191094
3.54225  0.191896
3.5455  0.192698
3.54875  0.1935
3.552  0.194301
3.55525  0.195103
3.5585  0.195904
3.56175  0.196705
3.565  0.197505
3.56825  0.198306
3.5715  0.199106
3.57475  0.199906
3.578  0.200706
3.58125  0.201506
3.5845  0.202305
3.58775  0.203104
3.591  0.203903
3.59425  0.204702
3.5975  0.205501
3.60075  0.206299
3.604  0.207097
3.60725  0.207894
3.6105  0.208692
3.61375  0.209489
3.617  0.210285
3.62025  0.211082
3.6235  0.211878
3.62675  0.212674
3.63  0.213469
3.63325  0.214265
3.6365  0.215059
3.63975  0.215854
3.643  0.216648
3.64625  0.217442
3.6495  0.218236
3.65275  0.219029
3.656  0.219822
3.65925  0.220614
3.6625  0.221407
3.66575  0.222198
3.669  0.22299
3.67225  0.223781
3.6755  0.224571
3.67875  0.225362
3.682  0.226152
3.68525  0.226941
3.6885  0.22773
3.69175  0.228519
3.695  0.229307
3.69825  0.230095
3.7015  0.230882
3.70475  0.231669
3.708  0.232456
3.71125  0.233242
3.7145  0.234028
3.71775  0.234813
3.721  0.235598
3.72425  0.236382
3.7275  0.237166
3.73075  0.23795
3.734  0.238733
3.73725  0.239516
3.7405  0.240298
3.74375  0.241079
3.747  0.241861
3.75025  0.242641
3.7535  0.243422
3.75675  0.244201
3.76  0.244981
3.76325  0.245759
3.7665  0.246538
3.76975  0.247315
3.773  0.248093
3.77625  0.248869
3.7795  0.249646
3.78275  0.250422
3.786  0.251197
3.78925  0.251971
3.7925  0.252746
3.79575  0.253519
3.799  0.254293
3.80225  0.255065
3.8055  0.255837
3.80875  0.256609
3.812  0.25738
3.81525  0.25815
3.8185  0.25892
3.82175  0.25969
3.825  0.260459
3.82825  0.261227
3.8315  0.261995
3.83475  0.262762
3.838  0.263528
3.84125  0.264294
3.8445  0.26506
3.84775  0.265825
3.851  0.266589
3.85425  0.267353
3.8575  0.268116
3.86075  0.268879
3.864  0.269641
3.86725  0.270402
3.8705  0.271163
3.87375  0.271923
3.877  0.272683
3.88025  0.273442
3.8835  0.2742
3.88675  0.274958
3.89  0.275715
3.89325  0.276472
3.8965  0.277228
3.89975  0.277983
3.903  0.278738
3.90625  0.279492
3.9095  0.280246
3.91275  0.280999
3.916  0.281751
3.91925  0.282503
3.9225  0.283254
3.92575  0.284004
3.929  0.284754
3.93225  0.285503
3.9355  0.286252
3.93875  0.287
3.942  0.287747
3.94525  0.288494
3.9485  0.28924
3.95175  0.289985
3.955  0.29073
3.95825  0.291474
3.9615  0.292217
3.96475  0.29296
3.968  0.293702
3.97125  0.294444
3.9745  0.295184
3.97775  0.295924
3.981  0.296664
3.98425  0.297403
3.9875  0.298141
3.99075  0.298878
3.994  0.299615
3.99725  0.300351
4.0005  0.301087
4.00375  0.301822
4.007  0.302556
4.01025  0.303289
4.0135  0.304022
4.01675  0.304754
4.02  0.305485
4.02325  0.306216
4.0265  0.306946
4.02975  0.307676
4.033  0.308404
4.03625  0.309132
4.0395  0.30986
4.04275  0.310586
4.046  0.311312
4.04925  0.312037
4.0525  0.312762
4.05575  0.313486
4.059  0.314209
4.06225  0.314931
4.0655  0.315653
4.06875  0.316374
4.072  0.317095
4.07525  0.317814
4.0785  0.318533
4.08175  0.319252
4.085  0.319969
4.08825  0.320686
4.0915  0.321402
4.09475  0.322118
4.098  0.322832
4.10125  0.323546
4.1045  0.32426
4.10775  0.324972
4.111  0.325684
4.11425  0.326395
4.1175  0.327106
4.12075  0.327816
4.124  0.328525
4.12725  0.329233
4.1305  0.32994
4.13375  0.330647
4.137  0.331353
4.14025  0.332059
4.1435  0.332764
4.14675  0.333468
4.15  0.334171
4.15325  0.334873
4.1565  0.335575
4.15975  0.336276
4.163  0.336977
4.16625  0.337676
4.1695  0.338375
4.17275  0.339073
4.176  0.339771
4.17925  0.340468
4.1825  0.341164
4.18575  0.341859
4.189  0.342553
4.19225  0.343247
4.1955  0.34394
4.19875  0.344633
4.202  0.345324
4.20525  0.346015
4.2085  0.346705
4.21175  0.347395
4.215  0.348083
4.21825  0.348771
4.2215  0.349458
4.22475  0.350145
4.228  0.350831
4.23125  0.351516
4.2345  0.3522
4.23775  0.352883
4.241  0.353566
4.24425  0.354248
4.2475  0.354929
4.25075  0.35561
4.254  0.35629
4.25725  0.356969
4.2605  0.357647
4.26375  0.358325
4.267  0.359001
4.27025  0.359678
4.2735  0.360353
4.27675  0.361027
4.28  0.361701
4.28325  0.362374
4.2865  0.363047
4.28975  0.363718
4.293  0.364389
4.29625  0.365059
4.2995  0.365729
4.30275  0.366397
4.306  0.367065
4.30925  0.367732
4.3125  0.368399
4.31575  0.369065
4.319  0.369729
4.32225  0.370394
4.3255  0.371057
4.32875  0.37172
4.332  0.372382
4.33525  0.373043
4.3385  0.373703
4.34175  0.374363
4.345  0.375022
4.34825  0.37568
4.3515  0.376337
4.35475  0.376994
4.358  0.37765
4.36125  0.378305
4.3645  0.37896
4.36775  0.379613
4.371  0.380266
4.37425  0.380919
4.3775  0.38157
4.38075  0.382221
4.384  0.382871
4.38725  0.38352
4.3905  0.384168
4.39375  0.384816
4.397  0.385463
4.40025  0.386109
4.4035  0.386755
4.40675  0.387399
4.41  0.388043
4.41325  0.388687
4.4165  0.389329
4.41975  0.389971
4.423  0.390612
4.42625  0.391252
4.4295  0.391892
4.43275  0.39253
4.436  0.393168
4.43925  0.393806
4.4425  0.394442
4.44575  0.395078
4.449  0.395713
4.45225  0.396347
4.4555  0.396981
4.45875  0.397613
4.462  0.398245
4.46525  0.398877
4.4685  0.399507
4.47175  0.400137
4.475  0.400766
4.47825  0.401394
4.4815  0.402022
4.48475  0.402649
4.488  0.403275
4.49125  0.4039
4.4945  0.404525
4.49775  0.405149
4.501  0.405772
4.50425  0.406394
4.5075  0.407016
4.51075  0.407636
4.514  0.408257
4.51725  0.408876
4.5205  0.409495
4.52375  0.410113
4.527  0.41073
4.53025  0.411346
4.5335  0.411962
4.53675  0.412577
4.54  0.413191
4.54325  0.413804
4.5465  0.414417
4.54975  0.415029
4.553  0.41564
4.55625  0.416251
4.5595  0.416861
4.56275  0.41747
4.566  0.418078
4.56925  0.418685
4.5725  0.419292
4.57575  0.419898
4.579  0.420504
4.58225  0.421108
4.5855  0.421712
4.58875  0.422315
4.592  0.422918
4.59525  0.423519
4.5985  0.42412
4.60175  0.424721
4.605  0.42532
4.60825  0.425919
4.6115  0.426517
4.61475  0.427114
4.618  0.427711
4.62125  0.428306
4.6245  0.428902
4.62775  0.429496
4.631  0.43009
4.63425  0.430682
4.6375  0.431275
4.64075  0.431866
4.644  0.432457
4.64725  0.433047
4.6505  0.433636
4.65375  0.434225
4.657  0.434812
4.66025  0.435399
4.6635  0.435986
4.66675  0.436572
4.67  0.437156
4.67325  0.437741
4.6765  0.438324
4.67975  0.438907
4.683  0.439489
4.68625  0.44007
4.6895  0.440651
4.69275  0.441231
4.696  0.44181
4.69925  0.442388
4.7025  0.442966
4.70575  0.443543
4.709  0.444119
4.71225  0.444695
4.7155  0.44527
4.71875  0.445844
4.722  0.446417
4.72525  0.44699
4.7285  0.447562
4.73175  0.448133
4.735  0.448704
4.73825  0.449274
4.7415  0.449843
4.74475  0.450411
4.748  0.450979
4.75125  0.451546
4.7545  0.452112
4.75775  0.452678
4.761  0.453243
4.76425  0.453807
4.7675  0.45437
4.77075  0.454933
4.774  0.455495
4.77725  0.456057
4.7805  0.456617
4.78375  0.457177
4.787  0.457737
4.79025  0.458295
4.7935  0.458853
4.79675  0.45941
4.8  0.459967
4.80325  0.460522
4.8065  0.461077
4.80975  0.461632
4.813  0.462185
4.81625  0.462738
4.8195  0.46329
4.82275  0.463842
4.826  0.464393
4.82925  0.464943
4.8325  0.465493
4.83575  0.466041
4.839  0.466589
4.84225  0.467137
4.8455  0.467683
4.84875  0.468229
4.852  0.468775
4.85525  0.469319
4.8585  0.469863
4.86175  0.470407
4.865  0.470949
4.86825  0.471491
4.8715  0.472032
4.87475  0.472573
4.878  0.473113
4.88125  0.473652
4.8845  0.47419
4.88775  0.474728
4.891  0.475265
4.89425  0.475801
4.8975  0.476337
4.90075  0.476872
4.904  0.477406
4.90725  0.47794
4.9105  0.478473
4.91375  0.479005
4.917  0.479537
4.92025  0.480068
4.9235  0.480598
4.92675  0.481128
4.93  0.481657
4.93325  0.482185
4.9365  0.482713
4.93975  0.48324
4.943  0.483766
4.94625  0.484291
4.9495  0.484816
4.95275  0.485341
4.956  0.485864
4.95925  0.486387
4.9625  0.486909
4.96575  0.487431
4.969  0.487952
4.97225  0.488472
4.9755  0.488992
4.97875  0.48951
4.982  0.490029
4.98525  0.490546
4.9885  0.491063
4.99175  0.491579
4.995  0.492095
4.99825  0.49261
5.0015  0.493124
5.00475  0.493638
5.008  0.494151
5.01125  0.494663
5.0145  0.495175
5.01775  0.495686
5.021  0.496196
5.02425  0.496706
5.0275  0.497215
5.03075  0.497723
5.034  0.498231
5.03725  0.498738
5.0405  0.499244
5.04375  0.49975
5.047  0.500255
5.05025  0.50076
5.0535  0.501264
5.05675  0.501767
5.06  0.502269
5.06325  0.502771
5.0665  0.503272
5.06975  0.503773
5.073  0.504273
5.07625  0.504772
5.0795  0.505271
5.08275  0.505769
5.086  0.506266
5.08925  0.506763
5.0925  0.507259
5.09575  0.507755
5.099  0.50825
5.10225  0.508744
5.1055  0.509237
5.10875  0.50973
5.112  0.510223
5.11525  0.510714
5.1185  0.511205
5.12175  0.511696
5.125  0.512185
5.12825  0.512675
5.1315  0.513163
5.13475  0.513651
5.138  0.514138
5.14125  0.514625
5.1445  0.515111
5.14775  0.515596
5.151  0.516081
5.15425  0.516565
5.1575  0.517049
5.16075  0.517531
5.164  0.518014
5.16725  0.518495
5.1705  0.518976
5.17375  0.519457
5.177  0.519936
5.18025  0.520416
5.1835  0.520894
5.18675  0.521372
5.19  0.521849
5.19325  0.522326
5.1965  0.522802
5.19975  0.523278
5.203  0.523752
5.20625  0.524227
5.2095  0.5247
5.21275  0.525173
5.216  0.525646
5.21925  0.526117
5.2225  0.526589
5.22575  0.527059
5.229  0.527529
5.23225  0.527998
5.2355  0.528467
5.23875  0.528935
5.242  0.529403
5.24525  0.52987
5.2485  0.530336
5.25175  0.530802
5.255  0.531267
5.25825  0.531732
5.2615  0.532196
5.26475  0.532659
5.268  0.533122
5.27125  0.533584
5.2745  0.534045
5.27775  0.534506
5.281  0.534967
5.28425  0.535426
5.2875  0.535885
5.29075  0.536344
5.294  0.536802
5.29725  0.537259
5.3005  0.537716
5.30375  0.538172
5.307  0.538628
5.31025  0.539083
5.3135  0.539537
5.31675  0.539991
5.32  0.540445
5.32325  0.540897
5.3265  0.541349
5.32975  0.541801
5.333  0.542252
5.33625  0.542702
5.3395  0.543152
5.34275  0.543601
5.346  0.54405
5.34925  0.544498
5.3525  0.544945
5.35575  0.545392
5.359  0.545838
5.36225  0.546284
5.3655  0.546729
5.36875  0.547174
5.372  0.547618
5.37525  0.548061
5.3785  0.548504
5.38175  0.548946
5.385  0.549388
5.38825  0.549829
5.3915  0.55027
5.39475  0.55071
5.398  0.551149
5.40125  0.551588
5.4045  0.552026
5.40775  0.552464
5.411  0.552901
5.41425  0.553338
5.4175  0.553774
5.42075  0.554209
5.424  0.554644
5.42725  0.555079
5.4305  0.555512
5.43375  0.555946
5.437  0.556378
5.44025  0.55681
5.4435  0.557242
5.44675  0.557673
5.45  0.558103
5.45325  0.558533
5.4565  0.558962
5.45975  0.559391
5.463  0.559819
5.46625  0.560247
5.4695  0.560674
5.47275  0.561101
5.476  0.561527
5.47925  0.561952
5.4825  0.562377
5.48575  0.562802
5.489  0.563225
5.49225  0.563649
5.4955  0.564071
5.49875  0.564494
5.502  0.564915
5.50525  0.565336
5.5085  0.565757
5.51175  0.566177
5.515  0.566596
5.51825  0.567015
5.5215  0.567434
5.52475  0.567852
5.528  0.568269
5.53125  0.568686
5.5345  0.569102
5.53775  0.569518
5.541  0.569933
5.54425  0.570347
5.5475  0.570761
5.55075  0.571175
5.554  0.571588
5.55725  0.572001
5.5605  0.572413
5.56375  0.572824
5.567  0.573235
5.57025  0.573645
5.5735  0.574055
5.57675  0.574464
5.58  0.574873
5.58325  0.575282
5.5865  0.575689
5.58975  0.576097
5.593  0.576503
5.59625  0.576909
5.5995  0.577315
5.60275  0.57772
5.606  0.578125
5.60925  0.578529
5.6125  0.578932
5.61575  0.579336
5.619  0.579738
5.62225  0.58014
5.6255  0.580542
5.62875  0.580943
5.632  0.581343
5.63525  0.581743
5.6385  0.582142
5.64175  0.582541
5.645  0.58294
5.64825  0.583338
5.6515  0.583735
5.65475  0.584132
5.658  0.584528
5.66125  0.584924
5.6645  0.58532
5.66775  0.585714
5.671  0.586109
5.67425  0.586503
5.6775  0.586896
5.68075  0.587289
5.684  0.587681
5.68725  0.588073
5.6905  0.588464
5.69375  0.588855
5.697  0.589245
5.70025  0.589635
5.7035  0.590025
5.70675  0.590413
5.71  0.590802
5.71325  0.591189
5.7165  0.591577
5.71975  0.591964
5.723  0.59235
5.72625  0.592736
5.7295  0.593121
5.73275  0.593506
5.736  0.59389
5.73925  0.594274
5.7425  0.594658
5.74575  0.595041
5.749  0.595423
5.75225  0.595805
5.7555  0.596186
5.75875  0.596567
5.762  0.596948
5.76525  0.597328
5.7685  0.597707
5.77175  0.598086
5.775  0.598465
5.77825  0.598843
5.7815  0.59922
5.78475  0.599597
5.788  0.599974
5.79125  0.60035
5.7945  0.600725
5.79775  0.601101
5.801  0.601475
5.80425  0.601849
5.8075  0.602223
5.81075  0.602596
5.814  0.602969
5.81725  0.603341
5.8205  0.603713
5.82375  0.604085
5.827  0.604455
5.83025  0.604826
5.8335  0.605196
5.83675  0.605565
5.84  0.605934
5.84325  0.606303
5.8465  0.606671
5.84975  0.607038
5.853  0.607405
5.85625  0.607772
5.8595  0.608138
5.86275  0.608504
5.866  0.608869
5.86925  0.609234
5.8725  0.609598
5.87575  0.609962
5.879  0.610325
5.88225  0.610688
5.8855  0.611051
5.88875  0.611413
5.892  0.611774
5.89525  0.612135
5.8985  0.612496
5.90175  0.612856
5.905  0.613216
5.90825  0.613575
5.9115  0.613934
5.91475  0.614292
5.918  0.61465
5.92125  0.615007
5.9245  0.615364
5.92775  0.615721
5.931  0.616077
5.93425  0.616432
5.9375  0.616787
5.94075  0.617142
5.944  0.617496
5.94725  0.61785
5.9505  0.618204
5.95375  0.618557
5.957  0.618909
5.96025  0.619261
5.9635  0.619613
5.96675  0.619964
5.97  0.620314
5.97325  0.620665
5.9765  0.621014
5.97975  0.621364
5.983  0.621713
5.98625  0.622061
5.9895  0.622409
5.99275  0.622757
5.996  0.623104
5.99925  0.623451
6.0025  0.623797
6.00575  0.624143
6.009  0.624488
6.01225  0.624833
6.0155  0.625178
6.01875  0.625522
6.022  0.625865
6.02525  0.626209
6.0285  0.626552
6.03175  0.626894
6.035  0.627236
6.03825  0.627577
6.0415  0.627918
6.04475  0.628259
6.048  0.628599
6.05125  0.628939
6.0545  0.629278
6.05775  0.629617
6.061  0.629956
6.06425  0.630294
6.0675  0.630632
6.07075  0.630969
6.074  0.631306
6.07725  0.631642
6.0805  0.631978
6.08375  0.632313
6.087  0.632649
6.09025  0.632983
6.0935  0.633318
6.09675  0.633651
6.1  0.633985
6.10325  0.634318
6.1065  0.63465
6.10975  0.634983
6.113  0.635314
6.11625  0.635646
6.1195  0.635977
6.12275  0.636307
6.126  0.636637
6.12925  0.636967
6.1325  0.637296
6.13575  0.637625
6.139  0.637954
6.14225  0.638282
6.1455  0.638609
6.14875  0.638936
6.152  0.639263
6.15525  0.63959
6.1585  0.639916
6.16175  0.640241
6.165  0.640566
6.16825  0.640891
6.1715  0.641215
6.17475  0.641539
6.178  0.641863
6.18125  0.642186
6.1845  0.642509
6.18775  0.642831
6.191  0.643153
6.19425  0.643475
6.1975  0.643796
6.20075  0.644117
6.204  0.644437
6.20725  0.644757
6.2105  0.645076
6.21375  0.645396
6.217  0.645714
6.22025  0.646033
6.2235  0.646351
6.22675  0.646668
6.23  0.646985
6.23325  0.647302
6.2365  0.647618
6.23975  0.647934
6.243  0.64825
6.24625  0.648565
6.2495  0.64888
6.25275  0.649194
6.256  0.649508
6.25925  0.649822
6.2625  0.650135
6.26575  0.650448
6.269  0.650761
6.27225  0.651073
6.2755  0.651384
6.27875  0.651696
6.282  0.652006
6.28525  0.652317
6.2885  0.652627
6.29175  0.652937
6.295  0.653246
6.29825  0.653555
6.3015  0.653864
6.30475  0.654172
6.308  0.65448
6.31125  0.654787
6.3145  0.655094
6.31775  0.655401
6.321  0.655707
6.32425  0.656013
6.3275  0.656319
6.33075  0.656624
6.334  0.656929
6.33725  0.657233
6.3405  0.657537
6.34375  0.657841
6.347  0.658144
6.35025  0.658447
6.3535  0.65875
6.35675  0.659052
6.36  0.659354
6.36325  0.659655
6.3665  0.659956
6.36975  0.660257
6.373  0.660557
6.37625  0.660857
6.3795  0.661157
6.38275  0.661456
6.386  0.661755
6.38925  0.662053
6.3925  0.662352
6.39575  0.662649
6.399  0.662947
6.40225  0.663244
6.4055  0.66354
6.40875  0.663837
6.412  0.664133
6.41525  0.664428
6.4185  0.664723
6.42175  0.665018
6.425  0.665313
6.42825  0.665607
6.4315  0.6659
6.43475  0.666194
6.438  0.666487
6.44125  0.666779
6.4445  0.667072
6.44775  0.667364
6.451  0.667655
6.45425  0.667946
6.4575  0.668237
6.46075  0.668528
6.464  0.668818
6.46725  0.669108
6.4705  0.669397
6.47375  0.669686
6.477  0.669975
6.48025  0.670263
6.4835  0.670552
6.48675  0.670839
6.49  0.671127
6.49325  0.671414
6.4965  0.6717
6.49975  0.671986
6.503  0.672272
6.50625  0.672558
6.5095  0.672843
6.51275  0.673128
6.516  0.673413
6.51925  0.673697
6.5225  0.673981
6.52575  0.674264
6.529  0.674547
6.53225  0.67483
6.5355  0.675113
6.53875  0.675395
6.542  0.675676
6.54525  0.675958
6.5485  0.676239
6.55175  0.67652
6.555  0.6768
6.55825  0.67708
6.5615  0.67736
6.56475  0.677639
6.568  0.677918
6.57125  0.678197
6.5745  0.678475
6.57775  0.678753
6.581  0.679031
6.58425  0.679308
6.5875  0.679585
6.59075  0.679862
6.594  0.680138
6.59725  0.680415
6.6005  0.68069
6.60375  0.680966
6.607  0.681241
6.61025  0.681515
6.6135  0.68179
6.61675  0.682064
6.62  0.682337
6.62325  0.682611
6.6265  0.682884
6.62975  0.683156
6.633  0.683429
6.63625  0.683701
6.6395  0.683972
6.64275  0.684244
6.646  0.684515
6.64925  0.684786
6.6525  0.685056
6.65575  0.685326
6.659  0.685596
6.66225  0.685865
6.6655  0.686134
6.66875  0.686403
6.672  0.686671
6.67525  0.68694
6.6785  0.687207
6.68175  0.687475
6.685  0.687742
6.68825  0.688009
6.6915  0.688275
6.69475  0.688541
6.698  0.688807
6.70125  0.689073
6.7045  0.689338
6.70775  0.689603
6.711  0.689868
6.71425  0.690132
6.7175  0.690396
6.72075  0.690659
6.724  0.690923
6.72725  0.691186
6.7305  0.691448
6.73375  0.691711
6.737  0.691973
6.74025  0.692235
6.7435  0.692496
6.74675  0.692757
6.75  0.693018
6.75325  0.693278
6.7565  0.693539
6.75975  0.693799
6.763  0.694058
6.76625  0.694317
6.7695  0.694576
6.77275  0.694835
6.776  0.695093
6.77925  0.695351
6.7825  0.695609
6.78575  0.695866
6.789  0.696123
6.79225  0.69638
6.7955  0.696637
6.79875  0.696893
6.802  0.697149
6.80525  0.697404
6.8085  0.697659
6.81175  0.697914
6.815  0.698169
6.81825  0.698423
6.8215  0.698677
6.82475  0.698931
6.828  0.699185
6.83125  0.699438
6.8345  0.699691
6.83775  0.699943
6.841  0.700195
6.84425  0.700447
6.8475  0.700699
6.85075  0.70095
6.854  0.701201
6.85725  0.701452
6.8605  0.701702
6.86375  0.701953
6.867  0.702202
6.87025  0.702452
6.8735  0.702701
6.87675  0.70295
6.88  0.703199
6.88325  0.703447
6.8865  0.703695
6.88975  0.703943
6.893  0.704191
6.89625  0.704438
6.8995  0.704685
6.90275  0.704931
6.906  0.705178
6.90925  0.705424
6.9125  0.705669
6.91575  0.705915
6.919  0.70616
6.92225  0.706405
6.9255  0.706649
6.92875  0.706894
6.932  0.707138
6.93525  0.707381
6.9385  0.707625
6.94175  0.707868
6.945  0.708111
6.94825  0.708353
6.9515  0.708596
6.95475  0.708838
6.958  0.709079
6.96125  0.709321
6.9645  0.709562
6.96775  0.709803
6.971  0.710043
6.97425  0.710284
6.9775  0.710524
6.98075  0.710763
6.984  0.711003
6.98725  0.711242
6.9905  0.711481
6.99375  0.711719
6.997  0.711958
7.00025  0.712196
7.0035  0.712433
7.00675  0.712671
7.01  0.712908
7.01325  0.713145
7.0165  0.713382
7.01975  0.713618
7.023  0.713854
7.02625  0.71409
7.0295  0.714326
7.03275  0.714561
7.036  0.714796
7.03925  0.71503
7.0425  0.715265
7.04575  0.715499
7.049  0.715733
7.05225  0.715967
7.0555  0.7162
7.05875  0.716433
7.062  0.716666
7.06525  0.716898
7.0685  0.717131
7.07175  0.717363
7.075  0.717594
7.07825  0.717826
7.0815  0.718057
7.08475  0.718288
7.088  0.718518
7.09125  0.718749
7.0945  0.718979
7.09775  0.719209
7.101  0.719438
7.10425  0.719668
7.1075  0.719897
7.11075  0.720125
7.114  0.720354
7.11725  0.720582
7.1205  0.72081
7.12375  0.721038
7.127  0.721265
7.13025  0.721492
7.1335  0.721719
7.13675  0.721946
7.14  0.722172
7.14325  0.722399
7.1465  0.722624
7.14975  0.72285
7.153  0.723075
7.15625  0.7233
7.1595  0.723525
7.16275  0.72375
7.166  0.723974
7.16925  0.724198
7.1725  0.724422
7.17575  0.724645
7.179  0.724869
7.18225  0.725092
7.1855  0.725314
7.18875  0.725537
7.192  0.725759
7.19525  0.725981
7.1985  0.726203
7.20175  0.726424
7.205  0.726646
7.20825  0.726867
7.2115  0.727087
7.21475  0.727308
7.218  0.727528
7.22125  0.727748
7.2245  0.727967
7.22775  0.728187
7.231  0.728406
7.23425  0.728625
7.2375  0.728844
7.24075  0.729062
7.244  0.72928
7.24725  0.729498
7.2505  0.729716
7.25375  0.729933
7.257  0.73015
7.26025  0.730367
7.2635  0.730584
7.26675  0.730801
7.27  0.731017
7.27325  0.731233
7.2765  0.731448
7.27975  0.731664
7.283  0.731879
7.28625  0.732094
7.2895  0.732309
7.29275  0.732523
7.296  0.732737
7.29925  0.732951
7.3025  0.733165
7.30575  0.733378
7.309  0.733592
7.31225  0.733805
7.3155  0.734017
7.31875  0.73423
7.322  0.734442
7.32525  0.734654
7.3285  0.734866
7.33175  0.735077
7.335  0.735289
7.33825  0.7355
7.3415  0.735711
7.34475  0.735921
7.348  0.736131
7.35125  0.736342
7.3545  0.736551
7.35775  0.736761
7.361  0.73697
7.36425  0.737179
7.3675  0.737388
7.37075  0.737597
7.374  0.737805
7.37725  0.738014
7.3805  0.738222
7.38375  0.738429
7.387  0.738637
7.39025  0.738844
7.3935  0.739051
7.39675  0.739258
7.4  0.739464
7.40325  0.739671
7.4065  0.739877
7.40975  0.740083
7.413  0.740288
7.41625  0.740493
7.4195  0.740699
7.42275  0.740904
7.426  0.741108
7.42925  0.741313
7.4325  0.741517
7.43575  0.741721
7.439  0.741925
7.44225  0.742128
7.4455  0.742331
7.44875  0.742534
7.452  0.742737
7.45525  0.74294
7.4585  0.743142
7.46175  0.743344
7.465  0.743546
7.46825  0.743748
7.4715  0.743949
7.47475  0.744151
7.478  0.744352
7.48125  0.744552
7.4845  0.744753
7.48775  0.744953
7.491  0.745153
7.49425  0.745353
7.4975  0.745553
7.50075  0.745752
7.504  0.745952
7.50725  0.746151
7.5105  0.746349
7.51375  0.746548
7.517  0.746746
7.52025  0.746944
7.5235  0.747142
7.52675  0.74734
7.53  0.747537
7.53325  0.747734
7.5365  0.747931
7.53975  0.748128
7.543  0.748325
7.54625  0.748521
7.5495  0.748717
7.55275  0.748913
7.556  0.749109
7.55925  0.749304
7.5625  0.749499
7.56575  0.749694
7.569  0.749889
7.57225  0.750084
7.5755  0.750278
7.57875  0.750472
7.582  0.750666
7.58525  0.75086
7.5885  0.751053
7.59175  0.751247
7.595  0.75144
7.59825  0.751633
7.6015  0.751825
7.60475  0.752018
7.608  0.75221
7.61125  0.752402
7.6145  0.752594
7.61775  0.752785
7.621  0.752976
7.62425  0.753168
7.6275  0.753359
7.63075  0.753549
7.634  0.75374
7.63725  0.75393
7.6405  0.75412
7.64375  0.75431
7.647  0.7545
7.65025  0.754689
7.6535  0.754878
7.65675  0.755067
7.66  0.755256
7.66325  0.755445
7.6665  0.755633
7.66975  0.755821
7.673  0.756009
7.67625  0.756197
7.6795  0.756385
7.68275  0.756572
7.686  0.756759
7.68925  0.756946
7.6925  0.757133
7.69575  0.757319
7.699  0.757506
7.70225  0.757692
7.7055  0.757878
7.70875  0.758063
7.712  0.758249
7.71525  0.758434
7.7185  0.758619
7.72175  0.758804
7.725  0.758989
7.72825  0.759173
7.7315  0.759358
7.73475  0.759542
7.738  0.759726
7.74125  0.759909
7.7445  0.760093
7.74775  0.760276
7.751  0.760459
7.75425  0.760642
7.7575  0.760825
7.76075  0.761007
7.764  0.761189
7.76725  0.761371
7.7705  0.761553
7.77375  0.761735
7.777  0.761916
7.78025  0.762098
7.7835  0.762279
7.78675  0.76246
7.79  0.76264
7.79325  0.762821
7.7965  0.763001
7.79975  0.763181
7.803  0.763361
7.80625  0.763541
7.8095  0.76372
7.81275  0.763899
7.816  0.764078
7.81925  0.764257
7.8225  0.764436
7.82575  0.764615
7.829  0.764793
7.83225  0.764971
7.8355  0.765149
7.83875  0.765327
7.842  0.765504
7.84525  0.765682
7.8485  0.765859
7.85175  0.766036
7.855  0.766212
7.85825  0.766389
7.8615  0.766565
7.86475  0.766742
7.868  0.766918
7.87125  0.767093
7.8745  0.767269
7.87775  0.767444
7.881  0.76762
7.88425  0.767795
7.8875  0.76797
7.89075  0.768144
7.894  0.768319
7.89725  0.768493
7.9005  0.768667
7.90375  0.768841
7.907  0.769015
7.91025  0.769188
7.9135  0.769362
7.91675  0.769535
7.92  0.769708
7.92325  0.76988
7.9265  0.770053
7.92975  0.770225
7.933  0.770398
7.93625  0.77057
7.9395  0.770742
7.94275  0.770913
7.946  0.771085
7.94925  0.771256
7.9525  0.771427
7.95575  0.771598
7.959  0.771769
7.96225  0.771939
7.9655  0.77211
7.96875  0.77228
7.972  0.77245
7.97525  0.77262
7.9785  0.772789
7.98175  0.772959
7.985  0.773128
7.98825  0.773297
7.9915  0.773466
7.99475  0.773635
7.998  0.773803
8.00125  0.773972
8.0045  0.77414
8.00775  0.774308
8.011  0.774476
8.01425  0.774643
8.0175  0.774811
8.02075  0.774978
8.024  0.775145
8.02725  0.775312
8.0305  0.775479
8.03375  0.775645
8.037  0.775812
8.04025  0.775978
8.0435  0.776144
8.04675  0.77631
8.05  0.776475
8.05325  0.776641
8.0565  0.776806
8.05975  0.776971
8.063  0.777136
8.06625  0.777301
8.0695  0.777466
8.07275  0.77763
8.076  0.777794
8.07925  0.777959
8.0825  0.778122
8.08575  0.778286
8.089  0.77845
8.09225  0.778613
8.0955  0.778776
8.09875  0.778939
8.102  0.779102
8.10525  0.779265
8.1085  0.779427
8.11175  0.77959
8.115  0.779752
8.11825  0.779914
8.1215  0.780076
8.12475  0.780237
8.128  0.780399
8.13125  0.78056
8.1345  0.780721
8.13775  0.780882
8.141  0.781043
8.14425  0.781204
8.1475  0.781364
8.15075  0.781525
8.154  0.781685
8.15725  0.781845
8.1605  0.782004
8.16375  0.782164
8.167  0.782323
8.17025  0.782483
8.1735  0.782642
8.17675  0.782801
8.18  0.78296
8.18325  0.783118
8.1865  0.783277
8.18975  0.783435
8.193  0.783593
8.19625  0.783751
8.1995  0.783909
8.20275  0.784066
8.206  0.784224
8.20925  0.784381
8.2125  0.784538
8.21575  0.784695
8.219  0.784852
8.22225  0.785008
8.2255  0.785165
8.22875  0.785321
8.232  0.785477
8.23525  0.785633
8.2385  0.785789
8.24175  0.785944
8.245  0.7861
8.24825  0.786255
8.2515  0.78641
8.25475  0.786565
8.258  0.78672
8.26125  0.786875
8.2645  0.787029
8.26775  0.787183
8.271  0.787338
8.27425  0.787492
8.2775  0.787645
8.28075  0.787799
8.284  0.787953
8.28725  0.788106
8.2905  0.788259
8.29375  0.788412
8.297  0.788565
8.30025  0.788718
8.3035  0.78887
8.30675  0.789023
8.31  0.789175
8.31325  0.789327
8.3165  0.789479
8.31975  0.789631
8.323  0.789782
8.32625  0.789934
8.3295  0.790085
8.33275  0.790236
8.336  0.790387
8.33925  0.790538
8.3425  0.790688
8.34575  0.790839
8.349  0.790989
8.35225  0.791139
8.3555  0.791289
8.35875  0.791439
8.362  0.791589
8.36525  0.791738
8.3685  0.791888
8.37175  0.792037
8.375  0.792186
8.37825  0.792335
8.3815  0.792484
8.38475  0.792632
8.388  0.792781
8.39125  0.792929
8.3945  0.793077
8.39775  0.793225
8.401  0.793373
8.40425  0.793521
8.4075  0.793668
8.41075  0.793816
8.414  0.793963
8.41725  0.79411
8.4205  0.794257
8.42375  0.794404
8.427  0.79455
8.43025  0.794697
8.4335  0.794843
8.43675  0.794989
8.44  0.795135
8.44325  0.795281
8.4465  0.795427
8.44975  0.795573
8.453  0.795718
8.45625  0.795863
8.4595  0.796008
8.46275  0.796153
8.466  0.796298
8.46925  0.796443
8.4725  0.796587
8.47575  0.796732
8.479  0.796876
8.48225  0.79702
8.4855  0.797164
8.48875  0.797308
8.492  0.797451
8.49525  0.797595
8.4985  0.797738
8.50175  0.797881
8.505  0.798024
8.50825  0.798167
8.5115  0.79831
8.51475  0.798453
8.518  0.798595
8.52125  0.798737
8.5245  0.798879
8.52775  0.799021
8.531  0.799163
8.53425  0.799305
8.5375  0.799447
8.54075  0.799588
8.544  0.799729
8.54725  0.79987
8.5505  0.800011
8.55375  0.800152
8.557  0.800293
8.56025  0.800434
8.5635  0.800574
8.56675  0.800714
8.57  0.800854
8.57325  0.800994
8.5765  0.801134
8.57975  0.801274
8.583  0.801414
8.58625  0.801553
8.5895  0.801692
8.59275  0.801831
8.596  0.80197
8.59925  0.802109
8.6025  0.802248
8.60575  0.802386
8.609  0.802525
8.61225  0.802663
8.6155  0.802801
8.61875  0.802939
8.622  0.803077
8.62525  0.803215
8.6285  0.803353
8.63175  0.80349
8.635  0.803627
8.63825  0.803764
8.6415  0.803901
8.64475  0.804038
8.648  0.804175
8.65125  0.804312
8.6545  0.804448
8.65775  0.804585
8.661  0.804721
8.66425  0.804857
8.6675  0.804993
8.67075  0.805128
8.674  0.805264
8.67725  0.8054
8.6805  0.805535
8.68375  0.80567
8.687  0.805805
8.69025  0.80594
8.6935  0.806075
8.69675  0.80621
8.7  0.806344
8.70325  0.806479
8.7065  0.806613
8.70975  0.806747
8.713  0.806881
8.71625  0.807015
8.7195  0.807149
8.72275  0.807282
8.726  0.807416
8.72925  0.807549
8.7325  0.807682
8.73575  0.807815
8.739  0.807948
8.74225  0.808081
8.7455  0.808214
8.74875  0.808346
8.752  0.808479
8.75525  0.808611
8.7585  0.808743
8.76175  0.808875
8.765  0.809007
8.76825  0.809139
8.7715  0.80927
8.77475  0.809402
8.778  0.809533
8.78125  0.809664
8.7845  0.809795
8.78775  0.809926
8.791  0.810057
8.79425  0.810188
8.7975  0.810318
8.80075  0.810449
8.804  0.810579
8.80725  0.810709
8.8105  0.810839
8.81375  0.810969
8.817  0.811099
8.82025  0.811229
8.8235  0.811358
8.82675  0.811488
8.83  0.811617
8.83325  0.811746
8.8365  0.811875
8.83975  0.812004
8.843  0.812132
8.84625  0.812261
8.8495  0.81239
8.85275  0.812518
8.856  0.812646
8.85925  0.812774
8.8625  0.812902
8.86575  0.81303
8.869  0.813158
8.87225  0.813285
8.8755  0.813413
8.87875  0.81354
8.882  0.813667
8.88525  0.813794
8.8885  0.813921
8.89175  0.814048
8.895  0.814175
8.89825  0.814301
8.9015  0.814428
8.90475  0.814554
8.908  0.81468
8.91125  0.814807
8.9145  0.814932
8.91775  0.815058
8.921  0.815184
8.92425  0.81531
8.9275  0.815435
8.93075  0.81556
8.934  0.815686
8.93725  0.815811
8.9405  0.815936
8.94375  0.81606
8.947  0.816185
8.95025  0.81631
8.9535  0.816434
8.95675  0.816558
8.96  0.816683
8.96325  0.816807
8.9665  0.816931
8.96975  0.817055
8.973  0.817178
8.97625  0.817302
8.9795  0.817425
8.98275  0.817549
8.986  0.817672
8.98925  0.817795
8.9925  0.817918
8.99575  0.818041
8.999  0.818164
9.00225  0.818286
9.0055  0.818409
9.00875  0.818531
9.012  0.818654
9.01525  0.818776
9.0185  0.818898
9.02175  0.81902
9.025  0.819141
9.02825  0.819263
9.0315  0.819385
9.03475  0.819506
9.038  0.819627
9.04125  0.819749
9.0445  0.81987
9.04775  0.819991
9.051  0.820111
9.05425  0.820232
9.0575  0.820353
9.06075  0.820473
9.064  0.820594
9.06725  0.820714
9.0705  0.820834
9.07375  0.820954
9.077  0.821074
9.08025  0.821194
9.0835  0.821313
9.08675  0.821433
9.09  0.821552
9.09325  0.821672
9.0965  0.821791
9.09975  0.82191
9.103  0.822029
9.10625  0.822148
9.1095  0.822266
9.11275  0.822385
9.116  0.822504
9.11925  0.822622
9.1225  0.82274
9.12575  0.822858
9.129  0.822976
9.13225  0.823094
9.1355  0.823212
9.13875  0.82333
9.142  0.823447
9.14525  0.823565
9.1485  0.823682
9.15175  0.823799
9.155  0.823917
9.15825  0.824034
9.1615  0.824151
9.16475  0.824267
9.168  0.824384
9.17125  0.824501
9.1745  0.824617
9.17775  0.824733
9.181  0.82485
9.18425  0.824966
9.1875  0.825082
9.19075  0.825198
9.194  0.825313
9.19725  0.825429
9.2005  0.825544
9.20375  0.82566
9.207  0.825775
9.21025  0.82589
9.2135  0.826006
9.21675  0.826121
9.22  0.826235
9.22325  0.82635
9.2265  0.826465
9.22975  0.826579
9.233  0.826694
9.23625  0.826808
9.2395  0.826922
9.24275  0.827036
9.246  0.82715
9.24925  0.827264
9.2525  0.827378
9.25575  0.827492
9.259  0.827605
9.26225  0.827719
9.2655  0.827832
9.26875  0.827945
9.272  0.828059
9.27525  0.828172
9.2785  0.828284
9.28175  0.828397
9.285  0.82851
9.28825  0.828622
9.2915  0.828735
9.29475  0.828847
9.298  0.82896
9.30125  0.829072
9.3045  0.829184
9.30775  0.829296
9.311  0.829408
9.31425  0.829519
9.3175  0.829631
9.32075  0.829742
9.324  0.829854
9.32725  0.829965
9.3305  0.830076
9.33375  0.830187
9.337  0.830298
9.34025  0.830409
9.3435  0.83052
9.34675  0.830631
9.35  0.830741
9.35325  0.830852
9.3565  0.830962
9.35975  0.831072
9.363  0.831182
9.36625  0.831292
9.3695  0.831402
9.37275  0.831512
9.376  0.831622
9.37925  0.831731
9.3825  0.831841
9.38575  0.83195
9.389  0.83206
9.39225  0.832169
9.3955  0.832278
9.39875  0.832387
9.402  0.832496
9.40525  0.832604
9.4085  0.832713
9.41175  0.832822
9.415  0.83293
9.41825  0.833038
9.4215  0.833147
9.42475  0.833255
9.428  0.833363
9.43125  0.833471
9.4345  0.833579
9.43775  0.833686
9.441  0.833794
9.44425  0.833902
9.4475  0.834009
9.45075  0.834116
9.454  0.834224
9.45725  0.834331
9.4605  0.834438
9.46375  0.834545
9.467  0.834652
9.47025  0.834758
9.4735  0.834865
9.47675  0.834972
9.48  0.835078
9.48325  0.835184
9.4865  0.835291
9.48975  0.835397
9.493  0.835503
9.49625  0.835609
9.4995  0.835714
9.50275  0.83582
9.506  0.835926
9.50925  0.836031
9.5125  0.836137
9.51575  0.836242
9.519  0.836347
9.52225  0.836452
9.5255  0.836557
9.52875  0.836662
9.532  0.836767
9.53525  0.836872
9.5385  0.836977
9.54175  0.837081
9.545  0.837186
9.54825  0.83729
9.5515  0.837394
9.55475  0.837498
9.558  0.837602
9.56125  0.837706
9.5645  0.83781
9.56775  0.837914
9.571  0.838018
9.57425  0.838121
9.5775  0.838225
9.58075  0.838328
9.584  0.838431
9.58725  0.838534
9.5905  0.838638
9.59375  0.838741
9.597  0.838843
9.60025  0.838946
9.6035  0.839049
9.60675  0.839152
9.61  0.839254
9.61325  0.839356
9.6165  0.839459
9.61975  0.839561
9.623  0.839663
9.62625  0.839765
9.6295  0.839867
9.63275  0.839969
9.636  0.840071
9.63925  0.840172
9.6425  0.840274
9.64575  0.840375
9.649  0.840477
9.65225  0.840578
9.6555  0.840679
9.65875  0.84078
9.662  0.840881
9.66525  0.840982
9.6685  0.841083
9.67175  0.841184
9.675  0.841284
9.67825  0.841385
9.6815  0.841485
9.68475  0.841586
9.688  0.841686
9.69125  0.841786
9.6945  0.841886
9.69775  0.841986
9.701  0.842086
9.70425  0.842186
9.7075  0.842285
9.71075  0.842385
9.714  0.842484
9.71725  0.842584
9.7205  0.842683
9.72375  0.842782
9.727  0.842881
9.73025  0.84298
9.7335  0.843079
9.73675  0.843178
9.74  0.843277
9.74325  0.843376
9.7465  0.843474
9.74975  0.843573
9.753  0.843671
9.75625  0.84377
9.7595  0.843868
9.76275  0.843966
9.766  0.844064
9.76925  0.844162
9.7725  0.84426
9.77575  0.844358
9.779  0.844455
9.78225  0.844553
9.7855  0.84465
9.78875  0.844748
9.792  0.844845
9.79525  0.844942
9.7985  0.845039
9.80175  0.845136
9.805  0.845233
9.80825  0.84533
9.8115  0.845427
9.81475  0.845524
9.818  0.84562
9.82125  0.845717
9.8245  0.845813
9.82775  0.84591
9.831  0.846006
9.83425  0.846102
9.8375  0.846198
9.84075  0.846294
9.844  0.84639
9.84725  0.846486
9.8505  0.846582
9.85375  0.846677
9.857  0.846773
9.86025  0.846868
9.8635  0.846964
9.86675  0.847059
9.87  0.847154
9.87325  0.847249
9.8765  0.847344
9.87975  0.847439
9.883  0.847534
9.88625  0.847629
9.8895  0.847724
9.89275  0.847818
9.896  0.847913
9.89925  0.848007
9.9025  0.848101
9.90575  0.848196
9.909  0.84829
9.91225  0.848384
9.9155  0.848478
9.91875  0.848572
9.922  0.848666
9.92525  0.848759
9.9285  0.848853
9.93175  0.848947
9.935  0.84904
9.93825  0.849134
9.9415  0.849227
9.94475  0.84932
9.948  0.849413
9.95125  0.849506
9.9545  0.849599
9.95775  0.849692
9.961  0.849785
9.96425  0.849878
9.9675  0.84997
9.97075  0.850063
9.974  0.850155
9.97725  0.850248
9.9805  0.85034
9.98375  0.850432
9.987  0.850524
9.99025  0.850616
9.9935  0.850708
9.99675  0.8508
