0.25  0.793168
0.25325  0.892999
0.2565  0.921768
0.25975  0.879926
0.263  0.778474
0.26625  0.635712
0.2695  0.473555
0.27275  0.31405
0.276  0.176529
0.27925  0.0756485
0.2825  0.0203622
0.28575  0.0137459
0.289  0.053515
0.29225  0.133023
0.2955  0.242532
0.29875  0.370558
0.302  0.505154
0.30525  0.63501
0.3085  0.750301
0.31175  0.843277
0.315  0.908581
0.31825  0.943323
0.3215  0.946968
0.32475  0.921061
0.328  0.868862
0.33125  0.794918
0.3345  0.704628
0.33775  0.603813
0.341  0.498343
0.34425  0.393802
0.3475  0.295237
0.35075  0.206962
0.354  0.132439
0.35725  0.0742099
0.3605  0.033896
0.36375  0.0122289
0.367  0.00912494
0.37025  0.0237822
0.3735  0.0547942
0.37675  0.100273
0.38  0.157974
0.38325  0.225416
0.3865  0.299995
0.38975  0.379086
0.393  0.460132
0.39625  0.540714
0.3995  0.618619
0.40275  0.691877
0.406  0.758794
0.40925  0.817975
0.4125  0.868326
0.41575  0.909053
0.419  0.939656
0.42225  0.959905
0.4255  0.969823
0.42875  0.969658
0.432  0.959858
0.43525  0.941036
0.4385  0.913944
0.44175  0.879444
0.445  0.838478
0.44825  0.792042
0.4515  0.741162
0.45475  0.686871
0.458  0.630188
0.46125  0.572105
0.4645  0.513569
0.46775  0.455471
0.471  0.398634
0.47425  0.343809
0.4775  0.291671
0.48075  0.242809
0.484  0.197731
0.48725  0.156861
0.4905  0.120542
0.49375  0.0890346
0.497  0.0625256
0.50025  0.0411284
0.5035  0.0248889
0.50675  0.0137909
0.51  0.00776127
0.51325  0.00667552
0.5165  0.0103639
0.51975  0.0186169
0.523  0.031191
0.52625  0.0478141
0.5295  0.0681907
0.53275  0.0920071
0.536  0.118936
0.53925  0.148641
0.5425  0.18078
0.54575  0.215011
0.549  0.250991
0.55225  0.288386
0.5555  0.326865
0.55875  0.366111
0.562  0.405817
0.56525  0.445689
0.5685  0.485449
0.57175  0.524835
0.575  0.563601
0.57825  0.601521
0.5815  0.638385
0.58475  0.674003
0.588  0.7082
0.59125  0.740823
0.5945  0.771736
0.59775  0.80082
0.601  0.827974
0.60425  0.853112
0.6075  0.876166
0.61075  0.897083
0.614  0.915823
0.61725  0.932363
0.6205  0.946689
0.62375  0.958802
0.627  0.968713
0.63025  0.976444
0.6335  0.982028
0.63675  0.985504
0.64  0.98692
0.64325  0.986333
0.6465  0.983804
0.64975  0.979401
0.653  0.973197
0.65625  0.965268
0.6595  0.955696
0.66275  0.944564
0.666  0.931957
0.66925  0.917964
0.6725  0.902674
0.67575  0.886176
0.679  0.868561
0.68225  0.84992
0.6855  0.830342
0.68875  0.809917
0.692  0.788733
0.69525  0.766876
0.6985  0.744431
0.70175  0.721483
0.705  0.698111
0.70825  0.674396
0.7115  0.650413
0.71475  0.626237
0.718  0.601939
0.72125  0.577587
0.7245  0.553247
0.72775  0.528982
0.731  0.504852
0.73425  0.480914
0.7375  0.457222
0.74075  0.433827
0.744  0.410776
0.74725  0.388115
0.7505  0.365886
0.75375  0.344128
0.757  0.322878
0.76025  0.302169
0.7635  0.282032
0.76675  0.262496
0.77  0.243586
0.77325  0.225325
0.7765  0.207733
0.77975  0.19083
0.783  0.174631
0.78625  0.159151
0.7895  0.144399
0.79275  0.130388
0.796  0.117123
0.79925  0.104612
0.8025  0.0928574
0.80575  0.0818626
0.809  0.0716281
0.81225  0.0621533
0.8155  0.0534359
0.81875  0.0454724
0.822  0.0382581
0.82525  0.0317869
0.8285  0.0260517
0.83175  0.0210443
0.835  0.0167554
0.83825  0.0131751
0.8415  0.0102924
0.84475  0.00809557
0.848  0.0065722
0.85125  0.00570923
0.8545  0.00549297
0.85775  0.00590921
0.861  0.00694328
0.86425  0.00858004
0.8675  0.010804
0.87075  0.0135993
0.874  0.0169498
0.87725  0.0208392
0.8805  0.0252509
0.88375  0.0301681
0.887  0.035574
0.89025  0.0414517
0.8935  0.0477841
0.89675  0.0545543
0.9  0.0617451
0.90325  0.0693396
0.9065  0.0773209
0.90975  0.0856721
0.913  0.0943765
0.91625  0.103417
0.9195  0.112778
0.92275  0.122443
0.926  0.132396
0.92925  0.14262
0.9325  0.1531
0.93575  0.163821
0.939  0.174768
0.94225  0.185924
0.9455  0.197277
0.94875  0.20881
0.952  0.220511
0.95525  0.232365
0.9585  0.244358
0.96175  0.256478
0.965  0.268711
0.96825  0.281044
0.9715  0.293466
0.97475  0.305964
0.978  0.318526
0.98125  0.331141
0.9845  0.343798
0.98775  0.356486
0.991  0.369195
0.99425  0.381913
0.9975  0.394633
1.00075  0.407343
1.004  0.420035
1.00725  0.432699
1.0105  0.445328
1.01375  0.457912
1.017  0.470444
1.02025  0.482916
1.0235  0.49532
1.02675  0.507649
1.03  0.519897
1.03325  0.532057
1.0365  0.544122
1.03975  0.556087
1.043  0.567945
1.04625  0.579691
1.0495  0.59132
1.05275  0.602827
1.056  0.614206
1.05925  0.625454
1.0625  0.636566
1.06575  0.647538
1.069  0.658366
1.07225  0.669046
1.0755  0.679575
1.07875  0.68995
1.082  0.700168
1.08525  0.710226
1.0885  0.720121
1.09175  0.729851
1.095  0.739413
1.09825  0.748806
1.1015  0.758028
1.10475  0.767076
1.108  0.77595
1.11125  0.784647
1.1145  0.793168
1.11775  0.801509
1.121  0.809671
1.12425  0.817653
1.1275  0.825453
1.13075  0.833072
1.134  0.840509
1.13725  0.847764
1.1405  0.854835
1.14375  0.861724
1.147  0.868431
1.15025  0.874954
1.1535  0.881296
1.15675  0.887455
1.16  0.893433
1.16325  0.899229
1.1665  0.904845
1.16975  0.910281
1.173  0.915538
1.17625  0.920616
1.1795  0.925517
1.18275  0.930241
1.186  0.93479
1.18925  0.939164
1.1925  0.943366
1.19575  0.947395
1.199  0.951253
1.20225  0.954942
1.2055  0.958463
1.20875  0.961817
1.212  0.965006
1.21525  0.968031
1.2185  0.970893
1.22175  0.973596
1.225  0.976139
1.22825  0.978524
1.2315  0.980754
1.23475  0.98283
1.238  0.984753
1.24125  0.986526
1.2445  0.98815
1.24775  0.989627
1.251  0.990959
1.25425  0.992147
1.2575  0.993193
1.26075  0.9941
1.264  0.994869
1.26725  0.995502
1.2705  0.996001
1.27375  0.996367
1.277  0.996604
1.28025  0.996711
1.2835  0.996693
1.28675  0.996549
1.29  0.996283
1.29325  0.995896
1.2965  0.995391
1.29975  0.994768
1.303  0.99403
1.30625  0.99318
1.3095  0.992218
1.31275  0.991146
1.316  0.989967
1.31925  0.988683
1.3225  0.987295
1.32575  0.985806
1.329  0.984216
1.33225  0.982528
1.3355  0.980745
1.33875  0.978866
1.342  0.976896
1.34525  0.974834
1.3485  0.972684
1.35175  0.970447
1.355  0.968124
1.35825  0.965718
1.3615  0.96323
1.36475  0.960662
1.368  0.958015
1.37125  0.955292
1.3745  0.952495
1.37775  0.949623
1.381  0.946681
1.38425  0.943668
1.3875  0.940587
1.39075  0.93744
1.394  0.934227
1.39725  0.930951
1.4005  0.927613
1.40375  0.924215
1.407  0.920758
1.41025  0.917244
1.4135  0.913674
1.41675  0.91005
1.42  0.906373
1.42325  0.902644
1.4265  0.898866
1.42975  0.895039
1.433  0.891165
1.43625  0.887245
1.4395  0.883281
1.44275  0.879274
1.446  0.875226
1.44925  0.871137
1.4525  0.867009
1.45575  0.862843
1.459  0.85864
1.46225  0.854403
1.4655  0.850131
1.46875  0.845826
1.472  0.84149
1.47525  0.837123
1.4785  0.832727
1.48175  0.828303
1.485  0.823852
1.48825  0.819375
1.4915  0.814872
1.49475  0.810346
1.498  0.805798
1.50125  0.801227
1.5045  0.796636
1.50775  0.792026
1.511  0.787396
1.51425  0.782749
1.5175  0.778085
1.52075  0.773406
1.524  0.768711
1.52725  0.764003
1.5305  0.759281
1.53375  0.754547
1.537  0.749802
1.54025  0.745047
1.5435  0.740281
1.54675  0.735507
1.55  0.730725
1.55325  0.725936
1.5565  0.72114
1.55975  0.716339
1.563  0.711532
1.56625  0.706722
1.5695  0.701908
1.57275  0.697091
1.576  0.692272
1.57925  0.687452
1.5825  0.682631
1.58575  0.67781
1.589  0.67299
1.59225  0.66817
1.5955  0.663353
1.59875  0.658538
1.602  0.653726
1.60525  0.648918
1.6085  0.644113
1.61175  0.639314
1.615  0.63452
1.61825  0.629731
1.6215  0.624949
1.62475  0.620174
1.628  0.615406
1.63125  0.610646
1.6345  0.605894
1.63775  0.601151
1.641  0.596418
1.64425  0.591694
1.6475  0.58698
1.65075  0.582277
1.654  0.577584
1.65725  0.572903
1.6605  0.568234
1.66375  0.563577
1.667  0.558933
1.67025  0.554301
1.6735  0.549683
1.67675  0.545078
1.68  0.540487
1.68325  0.535911
1.6865  0.531349
1.68975  0.526803
1.693  0.522271
1.69625  0.517755
1.6995  0.513255
1.70275  0.508771
1.706  0.504304
1.70925  0.499853
1.7125  0.495419
1.71575  0.491002
1.719  0.486603
1.72225  0.482222
1.7255  0.477858
1.72875  0.473513
1.732  0.469186
1.73525  0.464878
1.7385  0.460588
1.74175  0.456318
1.745  0.452066
1.74825  0.447834
1.7515  0.443622
1.75475  0.439429
1.758  0.435257
1.76125  0.431104
1.7645  0.426972
1.76775  0.42286
1.771  0.418768
1.77425  0.414698
1.7775  0.410648
1.78075  0.406619
1.784  0.402611
1.78725  0.398624
1.7905  0.394659
1.79375  0.390715
1.797  0.386792
1.80025  0.382892
1.8035  0.379013
1.80675  0.375155
1.81  0.37132
1.81325  0.367507
1.8165  0.363715
1.81975  0.359946
1.823  0.356199
1.82625  0.352475
1.8295  0.348773
1.83275  0.345093
1.836  0.341435
1.83925  0.3378
1.8425  0.334188
1.84575  0.330598
1.849  0.327031
1.85225  0.323487
1.8555  0.319965
1.85875  0.316466
1.862  0.31299
1.86525  0.309537
1.8685  0.306106
1.87175  0.302699
1.875  0.299314
1.87825  0.295952
1.8815  0.292613
1.88475  0.289296
1.888  0.286003
1.89125  0.282733
1.8945  0.279485
1.89775  0.27626
1.901  0.273058
1.90425  0.269879
1.9075  0.266723
1.91075  0.26359
1.914  0.260479
1.91725  0.257391
1.9205  0.254326
1.92375  0.251284
1.927  0.248265
1.93025  0.245268
1.9335  0.242294
1.93675  0.239342
1.94  0.236413
1.94325  0.233507
1.9465  0.230623
1.94975  0.227762
1.953  0.224923
1.95625  0.222106
1.9595  0.219312
1.96275  0.21654
1.966  0.213791
1.96925  0.211063
1.9725  0.208358
1.97575  0.205675
1.979  0.203014
1.98225  0.200375
1.9855  0.197758
1.98875  0.195163
1.992  0.19259
1.99525  0.190038
1.9985  0.187508
2.00175  0.185
2.005  0.182514
2.00825  0.180049
2.0115  0.177605
2.01475  0.175183
2.018  0.172782
2.02125  0.170402
2.0245  0.168044
2.02775  0.165706
2.031  0.16339
2.03425  0.161095
2.0375  0.15882
2.04075  0.156567
2.044  0.154334
2.04725  0.152122
2.0505  0.14993
2.05375  0.147759
2.057  0.145608
2.06025  0.143478
2.0635  0.141368
2.06675  0.139278
2.07  0.137208
2.07325  0.135159
2.0765  0.133129
2.07975  0.131119
2.083  0.129129
2.08625  0.127159
2.0895  0.125208
2.09275  0.123277
2.096  0.121365
2.09925  0.119473
2.1025  0.1176
2.10575  0.115746
2.109  0.113911
2.11225  0.112096
2.1155  0.110299
2.11875  0.108521
2.122  0.106762
2.12525  0.105022
2.1285  0.1033
2.13175  0.101596
2.135  0.0999114
2.13825  0.0982448
2.1415  0.0965965
2.14475  0.0949663
2.148  0.0933541
2.15125  0.09176
2.1545  0.0901837
2.15775  0.0886251
2.161  0.0870843
2.16425  0.0855612
2.1675  0.0840555
2.17075  0.0825673
2.174  0.0810964
2.17725  0.0796427
2.1805  0.0782062
2.18375  0.0767868
2.187  0.0753844
2.19025  0.0739989
2.1935  0.0726301
2.19675  0.0712781
2.2  0.0699427
2.20325  0.0686238
2.2065  0.0673214
2.20975  0.0660353
2.213  0.0647655
2.21625  0.0635118
2.2195  0.0622743
2.22275  0.0610527
2.226  0.059847
2.22925  0.0586571
2.2325  0.0574829
2.23575  0.0563244
2.239  0.0551814
2.24225  0.0540539
2.2455  0.0529417
2.24875  0.0518448
2.252  0.0507631
2.25525  0.0496965
2.2585  0.0486449
2.26175  0.0476082
2.265  0.0465864
2.26825  0.0455793
2.2715  0.0445868
2.27475  0.043609
2.278  0.0426456
2.28125  0.0416965
2.2845  0.0407618
2.28775  0.0398414
2.291  0.038935
2.29425  0.0380427
2.2975  0.0371644
2.30075  0.0362999
2.304  0.0354492
2.30725  0.0346123
2.3105  0.0337889
2.31375  0.0329791
2.317  0.0321827
2.32025  0.0313997
2.3235  0.03063
2.32675  0.0298735
2.33  0.0291301
2.33325  0.0283997
2.3365  0.0276822
2.33975  0.0269777
2.343  0.0262859
2.34625  0.0256068
2.3495  0.0249403
2.35275  0.0242864
2.356  0.0236449
2.35925  0.0230158
2.3625  0.0223989
2.36575  0.0217943
2.369  0.0212018
2.37225  0.0206214
2.3755  0.020053
2.37875  0.0194964
2.382  0.0189516
2.38525  0.0184186
2.3885  0.0178973
2.39175  0.0173875
2.395  0.0168892
2.39825  0.0164024
2.4015  0.0159268
2.40475  0.0154626
2.408  0.0150096
2.41125  0.0145676
2.4145  0.0141367
2.41775  0.0137168
2.421  0.0133078
2.42425  0.0129096
2.4275  0.0125221
2.43075  0.0121453
2.434  0.0117791
2.43725  0.0114234
2.4405  0.0110781
2.44375  0.0107432
2.447  0.0104187
2.45025  0.0101043
2.4535  0.00980015
2.45675  0.00950605
2.46  0.00922197
2.46325  0.00894783
2.4665  0.00868356
2.46975  0.0084291
2.473  0.00818437
2.47625  0.00794931
2.4795  0.00772384
2.48275  0.0075079
2.486  0.00730142
2.48925  0.00710432
2.4925  0.00691655
2.49575  0.00673804
2.499  0.00656871
2.50225  0.0064085
2.5055  0.00625735
2.50875  0.00611519
2.512  0.00598195
2.51525  0.00585757
2.5185  0.00574198
2.52175  0.00563512
2.525  0.00553692
2.52825  0.00544732
2.5315  0.00536626
2.53475  0.00529367
2.538  0.00522949
2.54125  0.00517366
2.5445  0.00512612
2.54775  0.00508679
2.551  0.00505563
2.55425  0.00503256
2.5575  0.00501754
2.56075  0.00501049
2.564  0.00501136
2.56725  0.00502009
2.5705  0.00503662
2.57375  0.00506088
2.577  0.00509283
2.58025  0.0051324
2.5835  0.00517952
2.58675  0.00523416
2.59  0.00529624
2.59325  0.00536571
2.5965  0.00544251
2.59975  0.00552659
2.603  0.00561789
2.60625  0.00571635
2.6095  0.00582192
2.61275  0.00593454
2.616  0.00605416
2.61925  0.00618072
2.6225  0.00631417
2.62575  0.00645445
2.629  0.00660151
2.63225  0.0067553
2.6355  0.00691576
2.63875  0.00708284
2.642  0.00725649
2.64525  0.00743665
2.6485  0.00762328
2.65175  0.00781632
2.655  0.00801571
2.65825  0.00822142
2.6615  0.00843339
2.66475  0.00865156
2.668  0.00887589
2.67125  0.00910633
2.6745  0.00934283
2.67775  0.00958534
2.681  0.0098338
2.68425  0.0100882
2.6875  0.0103484
2.69075  0.0106145
2.694  0.0108863
2.69725  0.0111638
2.7005  0.0114471
2.70375  0.0117359
2.707  0.0120303
2.71025  0.0123303
2.7135  0.0126357
2.71675  0.0129466
2.72  0.0132629
2.72325  0.0135845
2.7265  0.0139114
2.72975  0.0142436
2.733  0.014581
2.73625  0.0149236
2.7395  0.0152713
2.74275  0.0156241
2.746  0.015982
2.74925  0.0163448
2.7525  0.0167126
2.75575  0.0170853
2.759  0.0174629
2.76225  0.0178453
2.7655  0.0182325
2.76875  0.0186244
2.772  0.0190211
2.77525  0.0194224
2.7785  0.0198283
2.78175  0.0202388
2.785  0.0206539
2.78825  0.0210735
2.7915  0.0214975
2.79475  0.021926
2.798  0.0223588
2.80125  0.022796
2.8045  0.0232375
2.80775  0.0236833
2.811  0.0241333
2.81425  0.0245875
2.8175  0.0250458
2.82075  0.0255083
2.824  0.0259748
2.82725  0.0264455
2.8305  0.0269201
2.83375  0.0273987
2.837  0.0278812
2.84025  0.0283676
2.8435  0.0288579
2.84675  0.029352
2.85  0.0298499
2.85325  0.0303516
2.8565  0.030857
2.85975  0.0313661
2.863  0.0318789
2.86625  0.0323952
2.8695  0.0329152
2.87275  0.0334387
2.876  0.0339658
2.87925  0.0344963
2.8825  0.0350303
2.88575  0.0355677
2.889  0.0361085
2.89225  0.0366526
2.8955  0.0372001
2.89875  0.0377509
2.902  0.038305
2.90525  0.0388622
2.9085  0.0394227
2.91175  0.0399864
2.915  0.0405532
2.91825  0.0411231
2.9215  0.041696
2.92475  0.0422721
2.928  0.0428511
2.93125  0.0434332
2.9345  0.0440181
2.93775  0.0446061
2.941  0.0451969
2.94425  0.0457906
2.9475  0.0463871
2.95075  0.0469865
2.954  0.0475886
2.95725  0.0481935
2.9605  0.0488012
2.96375  0.0494115
2.967  0.0500245
2.97025  0.0506402
2.9735  0.0512585
2.97675  0.0518794
2.98  0.0525028
2.98325  0.0531288
2.9865  0.0537573
2.98975  0.0543883
2.993  0.0550217
2.99625  0.0556576
2.9995  0.0562959
3.00275  0.0569366
3.006  0.0575796
3.00925  0.058225
3.0125  0.0588727
3.01575  0.0595227
3.019  0.0601749
3.02225  0.0608294
3.0255  0.0614861
3.02875  0.0621449
3.032  0.062806
3.03525  0.0634691
3.0385  0.0641344
3.04175  0.0648018
3.045  0.0654712
3.04825  0.0661427
3.0515  0.0668163
3.05475  0.0674918
3.058  0.0681693
3.06125  0.0688487
3.0645  0.0695301
3.06775  0.0702134
3.071  0.0708986
3.07425  0.0715857
3.0775  0.0722746
3.08075  0.0729653
3.084  0.0736578
3.08725  0.0743522
3.0905  0.0750482
3.09375  0.075746
3.097  0.0764456
3.10025  0.0771468
3.1035  0.0778497
3.10675  0.0785543
3.11  0.0792605
3.11325  0.0799683
3.1165  0.0806777
3.11975  0.0813887
3.123  0.0821013
3.12625  0.0828154
3.1295  0.083531
3.13275  0.0842481
3.136  0.0849667
3.13925  0.0856868
3.1425  0.0864083
3.14575  0.0871312
3.149  0.0878555
3.15225  0.0885813
3.1555  0.0893084
3.15875  0.0900368
3.162  0.0907666
3.16525  0.0914977
3.1685  0.0922301
3.17175  0.0929638
3.175  0.0936987
3.17825  0.0944349
3.1815  0.0951723
3.18475  0.0959109
3.188  0.0966508
3.19125  0.0973918
3.1945  0.0981339
3.19775  0.0988773
3.201  0.0996217
3.20425  0.100367
3.2075  0.101114
3.21075  0.101862
3.214  0.10261
3.21725  0.10336
3.2205  0.104111
3.22375  0.104863
3.227  0.105616
3.23025  0.10637
3.2335  0.107125
3.23675  0.107881
3.24  0.108637
3.24325  0.109395
3.2465  0.110154
3.24975  0.110913
3.253  0.111673
3.25625  0.112435
3.2595  0.113197
3.26275  0.11396
3.266  0.114723
3.26925  0.115488
3.2725  0.116253
3.27575  0.11702
3.279  0.117786
3.28225  0.118554
3.2855  0.119323
3.28875  0.120092
3.292  0.120862
3.29525  0.121632
3.2985  0.122403
3.30175  0.123175
3.305  0.123948
3.30825  0.124721
3.3115  0.125495
3.31475  0.12627
3.318  0.127045
3.32125  0.12782
3.3245  0.128597
3.32775  0.129374
3.331  0.130151
3.33425  0.130929
3.3375  0.131708
3.34075  0.132487
3.344  0.133266
3.34725  0.134046
3.3505  0.134827
3.35375  0.135608
3.357  0.13639
3.36025  0.137172
3.3635  0.137954
3.36675  0.138737
3.37  0.13952
3.37325  0.140304
3.3765  0.141088
3.37975  0.141873
3.383  0.142657
3.38625  0.143443
3.3895  0.144228
3.39275  0.145014
3.396  0.145801
3.39925  0.146587
3.4025  0.147374
3.40575  0.148162
3.409  0.148949
3.41225  0.149737
3.4155  0.150525
3.41875  0.151314
3.422  0.152102
3.42525  0.152891
3.4285  0.15368
3.43175  0.15447
3.435  0.155259
3.43825  0.156049
3.4415  0.156839
3.44475  0.15763
3.448  0.15842
3.45125  0.159211
3.4545  0.160001
3.45775  0.160792
3.461  0.161583
3.46425  0.162375
3.4675  0.163166
3.47075  0.163957
3.474  0.164749
3.47725  0.165541
3.4805  0.166332
3.48375  0.167124
3.487  0.167916
3.49025  0.168708
3.4935  0.1695
3.49675  0.170292
3.5  0.171085
3.50325  0.171877
3.5065  0.172669
3.50975  0.173461
3.513  0.174254
3.51625  0.175046
3.5195  0.175838
3.52275  0.176631
3.526  0.177423
3.52925  0.178215
3.5325  0.179008
3.53575  0.1798
3.539  0.180592
3.54225  0.181384
3.5455  0.182176
3.54875  0.182968
3.552  0.18376
3.55525  0.184552
3.5585  0.185344
3.56175  0.186135
3.565  0.186927
3.56825  0.187718
3.5715  0.18851
3.57475  0.189301
3.578  0.190092
3.58125  0.190883
3.5845  0.191674
3.58775  0.192464
3.591  0.193255
3.59425  0.194045
3.5975  0.194836
3.60075  0.195626
3.604  0.196415
3.60725  0.197205
3.6105  0.197995
3.61375  0.198784
3.617  0.199573
3.62025  0.200362
3.6235  0.201151
3.62675  0.201939
3.63  0.202727
3.63325  0.203515
3.6365  0.204303
3.63975  0.205091
3.643  0.205878
3.64625  0.206665
3.6495  0.207452
3.65275  0.208238
3.656  0.209024
3.65925  0.20981
3.6625  0.210596
3.66575  0.211382
3.669  0.212167
3.67225  0.212952
3.6755  0.213736
3.67875  0.21452
3.682  0.215304
3.68525  0.216088
3.6885  0.216871
3.69175  0.217654
3.695  0.218437
3.69825  0.219219
3.7015  0.220001
3.70475  0.220783
3.708  0.221564
3.71125  0.222345
3.7145  0.223125
3.71775  0.223905
3.721  0.224685
3.72425  0.225465
3.7275  0.226244
3.73075  0.227023
3.734  0.227801
3.73725  0.228579
3.7405  0.229356
3.74375  0.230133
3.747  0.23091
3.75025  0.231687
3.7535  0.232463
3.75675  0.233238
3.76  0.234013
3.76325  0.234788
3.7665  0.235562
3.76975  0.236336
3.773  0.237109
3.77625  0.237882
3.7795  0.238655
3.78275  0.239427
3.786  0.240199
3.78925  0.24097
3.7925  0.241741
3.79575  0.242511
3.799  0.243281
3.80225  0.24405
3.8055  0.244819
3.80875  0.245587
3.812  0.246355
3.81525  0.247123
3.8185  0.24789
3.82175  0.248656
3.825  0.249422
3.82825  0.250188
3.8315  0.250953
3.83475  0.251717
3.838  0.252481
3.84125  0.253245
3.8445  0.254008
3.84775  0.25477
3.851  0.255532
3.85425  0.256294
3.8575  0.257055
3.86075  0.257815
3.864  0.258575
3.86725  0.259334
3.8705  0.260093
3.87375  0.260851
3.877  0.261609
3.88025  0.262366
3.8835  0.263123
3.88675  0.263879
3.89  0.264635
3.89325  0.26539
3.8965  0.266144
3.89975  0.266898
3.903  0.267652
3.90625  0.268404
3.9095  0.269157
3.91275  0.269908
3.916  0.270659
3.91925  0.27141
3.9225  0.27216
3.92575  0.272909
3.929  0.273658
3.93225  0.274406
3.9355  0.275154
3.93875  0.275901
3.942  0.276647
3.94525  0.277393
3.9485  0.278139
3.95175  0.278883
3.955  0.279627
3.95825  0.280371
3.9615  0.281114
3.96475  0.281856
3.968  0.282598
3.97125  0.283339
3.9745  0.284079
3.97775  0.284819
3.981  0.285558
3.98425  0.286297
3.9875  0.287035
3.99075  0.287772
3.994  0.288509
3.99725  0.289245
4.0005  0.289981
4.00375  0.290716
4.007  0.29145
4.01025  0.292184
4.0135  0.292917
4.01675  0.293649
4.02  0.294381
4.02325  0.295112
4.0265  0.295842
4.02975  0.296572
4.033  0.297301
4.03625  0.29803
4.0395  0.298758
4.04275  0.299485
4.046  0.300211
4.04925  0.300937
4.0525  0.301663
4.05575  0.302387
4.059  0.303111
4.06225  0.303835
4.0655  0.304557
4.06875  0.305279
4.072  0.306001
4.07525  0.306721
4.0785  0.307441
4.08175  0.308161
4.085  0.308879
4.08825  0.309597
4.0915  0.310315
4.09475  0.311032
4.098  0.311748
4.10125  0.312463
4.1045  0.313178
4.10775  0.313892
4.111  0.314605
4.11425  0.315318
4.1175  0.31603
4.12075  0.316741
4.124  0.317451
4.12725  0.318161
4.1305  0.318871
4.13375  0.319579
4.137  0.320287
4.14025  0.320994
4.1435  0.321701
4.14675  0.322407
4.15  0.323112
4.15325  0.323816
4.1565  0.32452
4.15975  0.325223
4.163  0.325925
4.16625  0.326627
4.1695  0.327328
4.17275  0.328028
4.176  0.328728
4.17925  0.329427
4.1825  0.330125
4.18575  0.330822
4.189  0.331519
4.19225  0.332215
4.1955  0.332911
4.19875  0.333605
4.202  0.334299
4.20525  0.334993
4.2085  0.335685
4.21175  0.336377
4.215  0.337068
4.21825  0.337759
4.2215  0.338448
4.22475  0.339137
4.228  0.339826
4.23125  0.340513
4.2345  0.3412
4.23775  0.341887
4.241  0.342572
4.24425  0.343257
4.2475  0.343941
4.25075  0.344624
4.254  0.345307
4.25725  0.345989
4.2605  0.34667
4.26375  0.347351
4.267  0.34803
4.27025  0.348709
4.2735  0.349388
4.27675  0.350065
4.28  0.350742
4.28325  0.351418
4.2865  0.352094
4.28975  0.352769
4.293  0.353443
4.29625  0.354116
4.2995  0.354789
4.30275  0.355461
4.306  0.356132
4.30925  0.356802
4.3125  0.357472
4.31575  0.358141
4.319  0.358809
4.32225  0.359477
4.3255  0.360144
4.32875  0.36081
4.332  0.361475
4.33525  0.36214
4.3385  0.362804
4.34175  0.363467
4.345  0.364129
4.34825  0.364791
4.3515  0.365452
4.35475  0.366113
4.358  0.366772
4.36125  0.367431
4.3645  0.368089
4.36775  0.368747
4.371  0.369403
4.37425  0.370059
4.3775  0.370714
4.38075  0.371369
4.384  0.372023
4.38725  0.372676
4.3905  0.373328
4.39375  0.37398
4.397  0.374631
4.40025  0.375281
4.4035  0.37593
4.40675  0.376579
4.41  0.377227
4.41325  0.377874
4.4165  0.378521
4.41975  0.379166
4.423  0.379811
4.42625  0.380456
4.4295  0.381099
4.43275  0.381742
4.436  0.382384
4.43925  0.383026
4.4425  0.383666
4.44575  0.384306
4.449  0.384946
4.45225  0.385584
4.4555  0.386222
4.45875  0.386859
4.462  0.387495
4.46525  0.388131
4.4685  0.388766
4.47175  0.3894
4.475  0.390033
4.47825  0.390666
4.4815  0.391298
4.48475  0.391929
4.488  0.39256
4.49125  0.393189
4.4945  0.393818
4.49775  0.394447
4.501  0.395074
4.50425  0.395701
4.5075  0.396327
4.51075  0.396953
4.514  0.397577
4.51725  0.398201
4.5205  0.398825
4.52375  0.399447
4.527  0.400069
4.53025  0.40069
4.5335  0.40131
4.53675  0.40193
4.54  0.402549
4.54325  0.403167
4.5465  0.403784
4.54975  0.404401
4.553  0.405017
4.55625  0.405632
4.5595  0.406247
4.56275  0.406861
4.566  0.407474
4.56925  0.408086
4.5725  0.408698
4.57575  0.409309
4.579  0.409919
4.58225  0.410528
4.5855  0.411137
4.58875  0.411745
4.592  0.412353
4.59525  0.412959
4.5985  0.413565
4.60175  0.41417
4.605  0.414775
4.60825  0.415378
4.6115  0.415981
4.61475  0.416584
4.618  0.417185
4.62125  0.417786
4.6245  0.418386
4.62775  0.418986
4.631  0.419584
4.63425  0.420182
4.6375  0.42078
4.64075  0.421376
4.644  0.421972
4.64725  0.422567
4.6505  0.423162
4.65375  0.423755
4.657  0.424348
4.66025  0.42494
4.6635  0.425532
4.66675  0.426123
4.67  0.426713
4.67325  0.427302
4.6765  0.427891
4.67975  0.428479
4.683  0.429066
4.68625  0.429653
4.6895  0.430239
4.69275  0.430824
4.696  0.431408
4.69925  0.431992
4.7025  0.432575
4.70575  0.433158
4.709  0.433739
4.71225  0.43432
4.7155  0.4349
4.71875  0.43548
4.722  0.436059
4.72525  0.436637
4.7285  0.437214
4.73175  0.437791
4.735  0.438367
4.73825  0.438942
4.7415  0.439517
4.74475  0.44009
4.748  0.440664
4.75125  0.441236
4.7545  0.441808
4.75775  0.442379
4.761  0.442949
4.76425  0.443519
4.7675  0.444088
4.77075  0.444656
4.774  0.445224
4.77725  0.445791
4.7805  0.446357
4.78375  0.446922
4.787  0.447487
4.79025  0.448051
4.7935  0.448615
4.79675  0.449177
4.8  0.449739
4.80325  0.450301
4.8065  0.450861
4.80975  0.451421
4.813  0.45198
4.81625  0.452539
4.8195  0.453097
4.82275  0.453654
4.826  0.454211
4.82925  0.454766
4.8325  0.455321
4.83575  0.455876
4.839  0.45643
4.84225  0.456983
4.8455  0.457535
4.84875  0.458087
4.852  0.458638
4.85525  0.459188
4.8585  0.459738
4.86175  0.460287
4.865  0.460835
4.86825  0.461383
4.8715  0.461929
4.87475  0.462476
4.878  0.463021
4.88125  0.463566
4.8845  0.46411
4.88775  0.464654
4.891  0.465197
4.89425  0.465739
4.8975  0.46628
4.90075  0.466821
4.904  0.467361
4.90725  0.467901
4.9105  0.46844
4.91375  0.468978
4.917  0.469515
4.92025  0.470052
4.9235  0.470588
4.92675  0.471123
4.93  0.471658
4.93325  0.472192
4.9365  0.472726
4.93975  0.473259
4.943  0.473791
4.94625  0.474322
4.9495  0.474853
4.95275  0.475383
4.956  0.475912
4.95925  0.476441
4.9625  0.476969
4.96575  0.477497
4.969  0.478024
4.97225  0.47855
4.9755  0.479075
4.97875  0.4796
4.982  0.480124
4.98525  0.480648
4.9885  0.48117
4.99175  0.481693
4.995  0.482214
4.99825  0.482735
5.0015  0.483255
5.00475  0.483775
5.008  0.484294
5.01125  0.484812
5.0145  0.485329
5.01775  0.485846
5.021  0.486363
5.02425  0.486878
5.0275  0.487393
5.03075  0.487908
5.034  0.488421
5.03725  0.488934
5.0405  0.489447
5.04375  0.489958
5.047  0.49047
5.05025  0.49098
5.0535  0.49149
5.05675  0.491999
5.06  0.492508
5.06325  0.493015
5.0665  0.493523
5.06975  0.494029
5.073  0.494535
5.07625  0.495041
5.0795  0.495545
5.08275  0.496049
5.086  0.496553
5.08925  0.497055
5.0925  0.497558
5.09575  0.498059
5.099  0.49856
5.10225  0.49906
5.1055  0.49956
5.10875  0.500059
5.112  0.500557
5.11525  0.501055
5.1185  0.501552
5.12175  0.502048
5.125  0.502544
5.12825  0.503039
5.1315  0.503534
5.13475  0.504028
5.138  0.504521
5.14125  0.505014
5.1445  0.505506
5.14775  0.505997
5.151  0.506488
5.15425  0.506978
5.1575  0.507468
5.16075  0.507957
5.164  0.508445
5.16725  0.508933
5.1705  0.50942
5.17375  0.509906
5.177  0.510392
5.18025  0.510877
5.1835  0.511362
5.18675  0.511846
5.19  0.512329
5.19325  0.512812
5.1965  0.513294
5.19975  0.513776
5.203  0.514257
5.20625  0.514737
5.2095  0.515217
5.21275  0.515696
5.216  0.516174
5.21925  0.516652
5.2225  0.517129
5.22575  0.517606
5.229  0.518082
5.23225  0.518558
5.2355  0.519032
5.23875  0.519507
5.242  0.51998
5.24525  0.520453
5.2485  0.520926
5.25175  0.521398
5.255  0.521869
5.25825  0.522339
5.2615  0.52281
5.26475  0.523279
5.268  0.523748
5.27125  0.524216
5.2745  0.524684
5.27775  0.525151
5.281  0.525617
5.28425  0.526083
5.2875  0.526548
5.29075  0.527013
5.294  0.527477
5.29725  0.527941
5.3005  0.528403
5.30375  0.528866
5.307  0.529327
5.31025  0.529789
5.3135  0.530249
5.31675  0.530709
5.32  0.531168
5.32325  0.531627
5.3265  0.532085
5.32975  0.532543
5.333  0.533
5.33625  0.533457
5.3395  0.533912
5.34275  0.534368
5.346  0.534822
5.34925  0.535277
5.3525  0.53573
5.35575  0.536183
5.359  0.536636
5.36225  0.537087
5.3655  0.537539
5.36875  0.537989
5.372  0.538439
5.37525  0.538889
5.3785  0.539338
5.38175  0.539786
5.385  0.540234
5.38825  0.540681
5.3915  0.541128
5.39475  0.541574
5.398  0.542019
5.40125  0.542464
5.4045  0.542909
5.40775  0.543353
5.411  0.543796
5.41425  0.544239
5.4175  0.544681
5.42075  0.545122
5.424  0.545563
5.42725  0.546004
5.4305  0.546444
5.43375  0.546883
5.437  0.547322
5.44025  0.54776
5.4435  0.548198
5.44675  0.548635
5.45  0.549071
5.45325  0.549507
5.4565  0.549943
5.45975  0.550377
5.463  0.550812
5.46625  0.551245
5.4695  0.551679
5.47275  0.552111
5.476  0.552543
5.47925  0.552975
5.4825  0.553406
5.48575  0.553836
5.489  0.554266
5.49225  0.554696
5.4955  0.555124
5.49875  0.555553
5.502  0.55598
5.50525  0.556408
5.5085  0.556834
5.51175  0.55726
5.515  0.557686
5.51825  0.558111
5.5215  0.558535
5.52475  0.558959
5.528  0.559382
5.53125  0.559805
5.5345  0.560228
5.53775  0.560649
5.541  0.561071
5.54425  0.561491
5.5475  0.561911
5.55075  0.562331
5.554  0.56275
5.55725  0.563169
5.5605  0.563587
5.56375  0.564004
5.567  0.564421
5.57025  0.564838
5.5735  0.565253
5.57675  0.565669
5.58  0.566084
5.58325  0.566498
5.5865  0.566912
5.58975  0.567325
5.593  0.567738
5.59625  0.56815
5.5995  0.568562
5.60275  0.568973
5.606  0.569383
5.60925  0.569793
5.6125  0.570203
5.61575  0.570612
5.619  0.571021
5.62225  0.571429
5.6255  0.571836
5.62875  0.572243
5.632  0.57265
5.63525  0.573056
5.6385  0.573461
5.64175  0.573866
5.645  0.57427
5.64825  0.574674
5.6515  0.575078
5.65475  0.57548
5.658  0.575883
5.66125  0.576285
5.6645  0.576686
5.66775  0.577087
5.671  0.577487
5.67425  0.577887
5.6775  0.578286
5.68075  0.578685
5.684  0.579083
5.68725  0.579481
5.6905  0.579878
5.69375  0.580275
5.697  0.580671
5.70025  0.581067
5.7035  0.581462
5.70675  0.581857
5.71  0.582252
5.71325  0.582645
5.7165  0.583039
5.71975  0.583431
5.723  0.583824
5.72625  0.584215
5.7295  0.584607
5.73275  0.584997
5.736  0.585388
5.73925  0.585778
5.7425  0.586167
5.74575  0.586556
5.749  0.586944
5.75225  0.587332
5.7555  0.587719
5.75875  0.588106
5.762  0.588492
5.76525  0.588878
5.7685  0.589264
5.77175  0.589648
5.775  0.590033
5.77825  0.590417
5.7815  0.5908
5.78475  0.591183
5.788  0.591566
5.79125  0.591948
5.7945  0.592329
5.79775  0.59271
5.801  0.593091
5.80425  0.593471
5.8075  0.59385
5.81075  0.594229
5.814  0.594608
5.81725  0.594986
5.8205  0.595364
5.82375  0.595741
5.827  0.596118
5.83025  0.596494
5.8335  0.59687
5.83675  0.597245
5.84  0.59762
5.84325  0.597994
5.8465  0.598368
5.84975  0.598741
5.853  0.599114
5.85625  0.599487
5.8595  0.599859
5.86275  0.60023
5.866  0.600601
5.86925  0.600972
5.8725  0.601342
5.87575  0.601711
5.879  0.602081
5.88225  0.602449
5.8855  0.602818
5.88875  0.603185
5.892  0.603553
5.89525  0.603919
5.8985  0.604286
5.90175  0.604652
5.905  0.605017
5.90825  0.605382
5.9115  0.605747
5.91475  0.606111
5.918  0.606475
5.92125  0.606838
5.9245  0.6072
5.92775  0.607563
5.931  0.607925
5.93425  0.608286
5.9375  0.608647
5.94075  0.609007
5.944  0.609367
5.94725  0.609727
5.9505  0.610086
5.95375  0.610445
5.957  0.610803
5.96025  0.611161
5.9635  0.611518
5.96675  0.611875
5.97  0.612231
5.97325  0.612587
5.9765  0.612943
5.97975  0.613298
5.983  0.613652
5.98625  0.614006
5.9895  0.61436
5.99275  0.614713
5.996  0.615066
5.99925  0.615419
6.0025  0.615771
6.00575  0.616122
6.009  0.616473
6.01225  0.616824
6.0155  0.617174
6.01875  0.617524
6.022  0.617873
6.02525  0.618222
6.0285  0.61857
6.03175  0.618918
6.035  0.619266
6.03825  0.619613
6.0415  0.61996
6.04475  0.620306
6.048  0.620652
6.05125  0.620997
6.0545  0.621342
6.05775  0.621687
6.061  0.622031
6.06425  0.622375
6.0675  0.622718
6.07075  0.623061
6.074  0.623403
6.07725  0.623745
6.0805  0.624087
6.08375  0.624428
6.087  0.624769
6.09025  0.625109
6.0935  0.625449
6.09675  0.625788
6.1  0.626127
6.10325  0.626466
6.1065  0.626804
6.10975  0.627142
6.113  0.627479
6.11625  0.627816
6.1195  0.628153
6.12275  0.628489
6.126  0.628824
6.12925  0.62916
6.1325  0.629494
6.13575  0.629829
6.139  0.630163
6.14225  0.630496
6.1455  0.630829
6.14875  0.631162
6.152  0.631495
6.15525  0.631826
6.1585  0.632158
6.16175  0.632489
6.165  0.63282
6.16825  0.63315
6.1715  0.63348
6.17475  0.633809
6.178  0.634138
6.18125  0.634467
6.1845  0.634795
6.18775  0.635123
6.191  0.635451
6.19425  0.635778
6.1975  0.636104
6.20075  0.63643
6.204  0.636756
6.20725  0.637082
6.2105  0.637407
6.21375  0.637731
6.217  0.638055
6.22025  0.638379
6.2235  0.638703
6.22675  0.639025
6.23  0.639348
6.23325  0.63967
6.2365  0.639992
6.23975  0.640313
6.243  0.640634
6.24625  0.640955
6.2495  0.641275
6.25275  0.641595
6.256  0.641915
6.25925  0.642234
6.2625  0.642552
6.26575  0.64287
6.269  0.643188
6.27225  0.643506
6.2755  0.643823
6.27875  0.644139
6.282  0.644456
6.28525  0.644772
6.2885  0.645087
6.29175  0.645402
6.295  0.645717
6.29825  0.646031
6.3015  0.646345
6.30475  0.646659
6.308  0.646972
6.31125  0.647285
6.3145  0.647597
6.31775  0.647909
6.321  0.648221
6.32425  0.648532
6.3275  0.648843
6.33075  0.649154
6.334  0.649464
6.33725  0.649773
6.3405  0.650083
6.34375  0.650392
6.347  0.6507
6.35025  0.651009
6.3535  0.651317
6.35675  0.651624
6.36  0.651931
6.36325  0.652238
6.3665  0.652544
6.36975  0.65285
6.373  0.653156
6.37625  0.653461
6.3795  0.653766
6.38275  0.65407
6.386  0.654374
6.38925  0.654678
6.3925  0.654981
6.39575  0.655284
6.399  0.655587
6.40225  0.655889
6.4055  0.656191
6.40875  0.656493
6.412  0.656794
6.41525  0.657095
6.4185  0.657395
6.42175  0.657695
6.425  0.657995
6.42825  0.658294
6.4315  0.658593
6.43475  0.658891
6.438  0.65919
6.44125  0.659488
6.4445  0.659785
6.44775  0.660082
6.451  0.660379
6.45425  0.660675
6.4575  0.660971
6.46075  0.661267
6.464  0.661562
6.46725  0.661857
6.4705  0.662152
6.47375  0.662446
6.477  0.66274
6.48025  0.663034
6.4835  0.663327
6.48675  0.66362
6.49  0.663912
6.49325  0.664204
6.4965  0.664496
6.49975  0.664787
6.503  0.665078
6.50625  0.665369
6.5095  0.665659
6.51275  0.665949
6.516  0.666239
6.51925  0.666528
6.5225  0.666817
6.52575  0.667106
6.529  0.667394
6.53225  0.667682
6.5355  0.66797
6.53875  0.668257
6.542  0.668544
6.54525  0.66883
6.5485  0.669116
6.55175  0.669402
6.555  0.669687
6.55825  0.669973
6.5615  0.670257
6.56475  0.670542
6.568  0.670826
6.57125  0.67111
6.5745  0.671393
6.57775  0.671676
6.581  0.671959
6.58425  0.672241
6.5875  0.672523
6.59075  0.672805
6.594  0.673086
6.59725  0.673367
6.6005  0.673648
6.60375  0.673928
6.607  0.674208
6.61025  0.674488
6.6135  0.674767
6.61675  0.675046
6.62  0.675325
6.62325  0.675603
6.6265  0.675881
6.62975  0.676159
6.633  0.676436
6.63625  0.676713
6.6395  0.67699
6.64275  0.677266
6.646  0.677542
6.64925  0.677818
6.6525  0.678093
6.65575  0.678368
6.659  0.678643
6.66225  0.678917
6.6655  0.679191
6.66875  0.679465
6.672  0.679738
6.67525  0.680011
6.6785  0.680284
6.68175  0.680556
6.685  0.680828
6.68825  0.6811
6.6915  0.681372
6.69475  0.681643
6.698  0.681913
6.70125  0.682184
6.7045  0.682454
6.70775  0.682724
6.711  0.682993
6.71425  0.683262
6.7175  0.683531
6.72075  0.6838
6.724  0.684068
6.72725  0.684336
6.7305  0.684603
6.73375  0.68487
6.737  0.685137
6.74025  0.685404
6.7435  0.68567
6.74675  0.685936
6.75  0.686202
6.75325  0.686467
6.7565  0.686732
6.75975  0.686997
6.763  0.687261
6.76625  0.687525
6.7695  0.687789
6.77275  0.688052
6.776  0.688315
6.77925  0.688578
6.7825  0.688841
6.78575  0.689103
6.789  0.689365
6.79225  0.689626
6.7955  0.689887
6.79875  0.690148
6.802  0.690409
6.80525  0.690669
6.8085  0.690929
6.81175  0.691189
6.815  0.691448
6.81825  0.691707
6.8215  0.691966
6.82475  0.692225
6.828  0.692483
6.83125  0.692741
6.8345  0.692998
6.83775  0.693256
6.841  0.693513
6.84425  0.693769
6.8475  0.694025
6.85075  0.694282
6.854  0.694537
6.85725  0.694793
6.8605  0.695048
6.86375  0.695303
6.867  0.695557
6.87025  0.695811
6.8735  0.696065
6.87675  0.696319
6.88  0.696572
6.88325  0.696825
6.8865  0.697078
6.88975  0.69733
6.893  0.697583
6.89625  0.697834
6.8995  0.698086
6.90275  0.698337
6.906  0.698588
6.90925  0.698839
6.9125  0.699089
6.91575  0.699339
6.919  0.699589
6.92225  0.699839
6.9255  0.700088
6.92875  0.700337
6.932  0.700585
6.93525  0.700834
6.9385  0.701082
6.94175  0.701329
6.945  0.701577
6.94825  0.701824
6.9515  0.702071
6.95475  0.702317
6.958  0.702564
6.96125  0.70281
6.9645  0.703055
6.96775  0.703301
6.971  0.703546
6.97425  0.703791
6.9775  0.704035
6.98075  0.70428
6.984  0.704524
6.98725  0.704767
6.9905  0.705011
6.99375  0.705254
6.997  0.705497
7.00025  0.705739
7.0035  0.705982
7.00675  0.706224
7.01  0.706465
7.01325  0.706707
7.0165  0.706948
7.01975  0.707189
7.023  0.707429
7.02625  0.70767
7.0295  0.70791
7.03275  0.708149
7.036  0.708389
7.03925  0.708628
7.0425  0.708867
7.04575  0.709106
7.049  0.709344
7.05225  0.709582
7.0555  0.70982
7.05875  0.710057
7.062  0.710295
7.06525  0.710532
7.0685  0.710768
7.07175  0.711005
7.075  0.711241
7.07825  0.711477
7.0815  0.711713
7.08475  0.711948
7.088  0.712183
7.09125  0.712418
7.0945  0.712652
7.09775  0.712886
7.101  0.71312
7.10425  0.713354
7.1075  0.713588
7.11075  0.713821
7.114  0.714054
7.11725  0.714286
7.1205  0.714519
7.12375  0.714751
7.127  0.714983
7.13025  0.715214
7.1335  0.715445
7.13675  0.715676
7.14  0.715907
7.14325  0.716138
7.1465  0.716368
7.14975  0.716598
7.153  0.716828
7.15625  0.717057
7.1595  0.717286
7.16275  0.717515
7.166  0.717744
7.16925  0.717972
7.1725  0.7182
7.17575  0.718428
7.179  0.718656
7.18225  0.718883
7.1855  0.71911
7.18875  0.719337
7.192  0.719563
7.19525  0.71979
7.1985  0.720016
7.20175  0.720241
7.205  0.720467
7.20825  0.720692
7.2115  0.720917
7.21475  0.721142
7.218  0.721366
7.22125  0.721591
7.2245  0.721815
7.22775  0.722038
7.231  0.722262
7.23425  0.722485
7.2375  0.722708
7.24075  0.722931
7.244  0.723153
7.24725  0.723375
7.2505  0.723597
7.25375  0.723819
7.257  0.72404
7.26025  0.724261
7.2635  0.724482
7.26675  0.724703
7.27  0.724923
7.27325  0.725143
7.2765  0.725363
7.27975  0.725583
7.283  0.725802
7.28625  0.726021
7.2895  0.72624
7.29275  0.726459
7.296  0.726677
7.29925  0.726896
7.3025  0.727113
7.30575  0.727331
7.309  0.727549
7.31225  0.727766
7.3155  0.727983
7.31875  0.728199
7.322  0.728416
7.32525  0.728632
7.3285  0.728848
7.33175  0.729063
7.335  0.729279
7.33825  0.729494
7.3415  0.729709
7.34475  0.729924
7.348  0.730138
7.35125  0.730352
7.3545  0.730566
7.35775  0.73078
7.361  0.730994
7.36425  0.731207
7.3675  0.73142
7.37075  0.731633
7.374  0.731845
7.37725  0.732058
7.3805  0.73227
7.38375  0.732481
7.387  0.732693
7.39025  0.732904
7.3935  0.733115
7.39675  0.733326
7.4  0.733537
7.40325  0.733747
7.4065  0.733957
7.40975  0.734167
7.413  0.734377
7.41625  0.734586
7.4195  0.734796
7.42275  0.735005
7.426  0.735213
7.42925  0.735422
7.4325  0.73563
7.43575  0.735838
7.439  0.736046
7.44225  0.736253
7.4455  0.736461
7.44875  0.736668
7.452  0.736875
7.45525  0.737081
7.4585  0.737288
7.46175  0.737494
7.465  0.7377
7.46825  0.737905
7.4715  0.738111
7.47475  0.738316
7.478  0.738521
7.48125  0.738726
7.4845  0.73893
7.48775  0.739135
7.491  0.739339
7.49425  0.739543
7.4975  0.739746
7.50075  0.73995
7.504  0.740153
7.50725  0.740356
7.5105  0.740559
7.51375  0.740761
7.517  0.740963
7.52025  0.741165
7.5235  0.741367
7.52675  0.741569
7.53  0.74177
7.53325  0.741971
7.5365  0.742172
7.53975  0.742373
7.543  0.742573
7.54625  0.742774
7.5495  0.742974
7.55275  0.743173
7.556  0.743373
7.55925  0.743572
7.5625  0.743772
7.56575  0.74397
7.569  0.744169
7.57225  0.744368
7.5755  0.744566
7.57875  0.744764
7.582  0.744962
7.58525  0.745159
7.5885  0.745357
7.59175  0.745554
7.595  0.745751
7.59825  0.745947
7.6015  0.746144
7.60475  0.74634
7.608  0.746536
7.61125  0.746732
7.6145  0.746928
7.61775  0.747123
7.621  0.747318
7.62425  0.747513
7.6275  0.747708
7.63075  0.747903
7.634  0.748097
7.63725  0.748291
7.6405  0.748485
7.64375  0.748679
7.647  0.748872
7.65025  0.749065
7.6535  0.749258
7.65675  0.749451
7.66  0.749644
7.66325  0.749836
7.6665  0.750029
7.66975  0.75022
7.673  0.750412
7.67625  0.750604
7.6795  0.750795
7.68275  0.750986
7.686  0.751177
7.68925  0.751368
7.6925  0.751558
7.69575  0.751749
7.699  0.751939
7.70225  0.752129
7.7055  0.752318
7.70875  0.752508
7.712  0.752697
7.71525  0.752886
7.7185  0.753075
7.72175  0.753264
7.725  0.753452
7.72825  0.75364
7.7315  0.753828
7.73475  0.754016
7.738  0.754204
7.74125  0.754391
7.7445  0.754578
7.74775  0.754765
7.751  0.754952
7.75425  0.755139
7.7575  0.755325
7.76075  0.755511
7.764  0.755697
7.76725  0.755883
7.7705  0.756068
7.77375  0.756254
7.777  0.756439
7.78025  0.756624
7.7835  0.756809
7.78675  0.756993
7.79  0.757178
7.79325  0.757362
7.7965  0.757546
7.79975  0.757729
7.803  0.757913
7.80625  0.758096
7.8095  0.758279
7.81275  0.758462
7.816  0.758645
7.81925  0.758828
7.8225  0.75901
7.82575  0.759192
7.829  0.759374
7.83225  0.759556
7.8355  0.759737
7.83875  0.759919
7.842  0.7601
7.84525  0.760281
7.8485  0.760462
7.85175  0.760642
7.855  0.760823
7.85825  0.761003
7.8615  0.761183
7.86475  0.761363
7.868  0.761542
7.87125  0.761722
7.8745  0.761901
7.87775  0.76208
7.881  0.762259
7.88425  0.762437
7.8875  0.762616
7.89075  0.762794
7.894  0.762972
7.89725  0.76315
7.9005  0.763328
7.90375  0.763505
7.907  0.763682
7.91025  0.763859
7.9135  0.764036
7.91675  0.764213
7.92  0.764389
7.92325  0.764566
7.9265  0.764742
7.92975  0.764918
7.933  0.765094
7.93625  0.765269
7.9395  0.765445
7.94275  0.76562
7.946  0.765795
7.94925  0.76597
7.9525  0.766144
7.95575  0.766319
7.959  0.766493
7.96225  0.766667
7.9655  0.766841
7.96875  0.767014
7.972  0.767188
7.97525  0.767361
7.9785  0.767534
7.98175  0.767707
7.985  0.76788
7.98825  0.768053
7.9915  0.768225
7.99475  0.768397
7.998  0.768569
8.00125  0.768741
8.0045  0.768913
8.00775  0.769084
8.011  0.769256
8.01425  0.769427
8.0175  0.769598
8.02075  0.769768
8.024  0.769939
8.02725  0.770109
8.0305  0.770279
8.03375  0.770449
8.037  0.770619
8.04025  0.770789
8.0435  0.770958
8.04675  0.771128
8.05  0.771297
8.05325  0.771466
8.0565  0.771634
8.05975  0.771803
8.063  0.771971
8.06625  0.77214
8.0695  0.772308
8.07275  0.772475
8.076  0.772643
8.07925  0.772811
8.0825  0.772978
8.08575  0.773145
8.089  0.773312
8.09225  0.773479
8.0955  0.773645
8.09875  0.773812
8.102  0.773978
8.10525  0.774144
8.1085  0.77431
8.11175  0.774476
8.115  0.774641
8.11825  0.774807
8.1215  0.774972
8.12475  0.775137
8.128  0.775302
8.13125  0.775466
8.1345  0.775631
8.13775  0.775795
8.141  0.775959
8.14425  0.776123
8.1475  0.776287
8.15075  0.776451
8.154  0.776614
8.15725  0.776777
8.1605  0.77694
8.16375  0.777103
8.167  0.777266
8.17025  0.777429
8.1735  0.777591
8.17675  0.777753
8.18  0.777915
8.18325  0.778077
8.1865  0.778239
8.18975  0.778401
8.193  0.778562
8.19625  0.778723
8.1995  0.778884
8.20275  0.779045
8.206  0.779206
8.20925  0.779366
8.2125  0.779527
8.21575  0.779687
8.219  0.779847
8.22225  0.780007
8.2255  0.780167
8.22875  0.780326
8.232  0.780486
8.23525  0.780645
8.2385  0.780804
8.24175  0.780963
8.245  0.781121
8.24825  0.78128
8.2515  0.781438
8.25475  0.781597
8.258  0.781755
8.26125  0.781912
8.2645  0.78207
8.26775  0.782228
8.271  0.782385
8.27425  0.782542
8.2775  0.782699
8.28075  0.782856
8.284  0.783013
8.28725  0.783169
8.2905  0.783326
8.29375  0.783482
8.297  0.783638
8.30025  0.783794
8.3035  0.78395
8.30675  0.784105
8.31  0.784261
8.31325  0.784416
8.3165  0.784571
8.31975  0.784726
8.323  0.784881
8.32625  0.785035
8.3295  0.78519
8.33275  0.785344
8.336  0.785498
8.33925  0.785652
8.3425  0.785806
8.34575  0.78596
8.349  0.786113
8.35225  0.786267
8.3555  0.78642
8.35875  0.786573
8.362  0.786726
8.36525  0.786878
8.3685  0.787031
8.37175  0.787183
8.375  0.787335
8.37825  0.787488
8.3815  0.787639
8.38475  0.787791
8.388  0.787943
8.39125  0.788094
8.3945  0.788245
8.39775  0.788397
8.401  0.788548
8.40425  0.788698
8.4075  0.788849
8.41075  0.788999
8.414  0.78915
8.41725  0.7893
8.4205  0.78945
8.42375  0.7896
8.427  0.78975
8.43025  0.789899
8.4335  0.790049
8.43675  0.790198
8.44  0.790347
8.44325  0.790496
8.4465  0.790645
8.44975  0.790793
8.453  0.790942
8.45625  0.79109
8.4595  0.791238
8.46275  0.791386
8.466  0.791534
8.46925  0.791682
8.4725  0.79183
8.47575  0.791977
8.479  0.792124
8.48225  0.792271
8.4855  0.792418
8.48875  0.792565
8.492  0.792712
8.49525  0.792858
8.4985  0.793005
8.50175  0.793151
8.505  0.793297
8.50825  0.793443
8.5115  0.793589
8.51475  0.793734
8.518  0.79388
8.52125  0.794025
8.5245  0.79417
8.52775  0.794315
8.531  0.79446
8.53425  0.794605
8.5375  0.79475
8.54075  0.794894
8.544  0.795038
8.54725  0.795182
8.5505  0.795326
8.55375  0.79547
8.557  0.795614
8.56025  0.795758
8.5635  0.795901
8.56675  0.796044
8.57  0.796187
8.57325  0.79633
8.5765  0.796473
8.57975  0.796616
8.583  0.796758
8.58625  0.796901
8.5895  0.797043
8.59275  0.797185
8.596  0.797327
8.59925  0.797469
8.6025  0.797611
8.60575  0.797752
8.609  0.797893
8.61225  0.798035
8.6155  0.798176
8.61875  0.798317
8.622  0.798458
8.62525  0.798598
8.6285  0.798739
8.63175  0.798879
8.635  0.799019
8.63825  0.799159
8.6415  0.799299
8.64475  0.799439
8.648  0.799579
8.65125  0.799718
8.6545  0.799858
8.65775  0.799997
8.661  0.800136
8.66425  0.800275
8.6675  0.800414
8.67075  0.800553
8.674  0.800691
8.67725  0.80083
8.6805  0.800968
8.68375  0.801106
8.687  0.801244
8.69025  0.801382
8.6935  0.801519
8.69675  0.801657
8.7  0.801794
8.70325  0.801932
8.7065  0.802069
8.70975  0.802206
8.713  0.802343
8.71625  0.80248
8.7195  0.802616
8.72275  0.802753
8.726  0.802889
8.72925  0.803025
8.7325  0.803161
8.73575  0.803297
8.739  0.803433
8.74225  0.803569
8.7455  0.803704
8.74875  0.803839
8.752  0.803975
8.75525  0.80411
8.7585  0.804245
8.76175  0.80438
8.765  0.804514
8.76825  0.804649
8.7715  0.804783
8.77475  0.804918
8.778  0.805052
8.78125  0.805186
8.7845  0.80532
8.78775  0.805453
8.791  0.805587
8.79425  0.80572
8.7975  0.805854
8.80075  0.805987
8.804  0.80612
8.80725  0.806253
8.8105  0.806386
8.81375  0.806519
8.817  0.806651
8.82025  0.806784
8.8235  0.806916
8.82675  0.807048
8.83  0.80718
8.83325  0.807312
8.8365  0.807444
8.83975  0.807575
8.843  0.807707
8.84625  0.807838
8.8495  0.80797
8.85275  0.808101
8.856  0.808232
8.85925  0.808362
8.8625  0.808493
8.86575  0.808624
8.869  0.808754
8.87225  0.808885
8.8755  0.809015
8.87875  0.809145
8.882  0.809275
8.88525  0.809405
8.8885  0.809534
8.89175  0.809664
8.895  0.809793
8.89825  0.809923
8.9015  0.810052
8.90475  0.810181
8.908  0.81031
8.91125  0.810439
8.9145  0.810567
8.91775  0.810696
8.921  0.810824
8.92425  0.810953
8.9275  0.811081
8.93075  0.811209
8.934  0.811337
8.93725  0.811464
8.9405  0.811592
8.94375  0.81172
8.947  0.811847
8.95025  0.811974
8.9535  0.812101
8.95675  0.812228
8.96  0.812355
8.96325  0.812482
8.9665  0.812609
8.96975  0.812735
8.973  0.812862
8.97625  0.812988
8.9795  0.813114
8.98275  0.81324
8.986  0.813366
8.98925  0.813492
8.9925  0.813618
8.99575  0.813743
8.999  0.813868
9.00225  0.813994
9.0055  0.814119
9.00875  0.814244
9.012  0.814369
9.01525  0.814494
9.0185  0.814618
9.02175  0.814743
9.025  0.814867
9.02825  0.814992
9.0315  0.815116
9.03475  0.81524
9.038  0.815364
9.04125  0.815488
9.0445  0.815611
9.04775  0.815735
9.051  0.815858
9.05425  0.815982
9.0575  0.816105
9.06075  0.816228
9.064  0.816351
9.06725  0.816474
9.0705  0.816597
9.07375  0.816719
9.077  0.816842
9.08025  0.816964
9.0835  0.817087
9.08675  0.817209
9.09  0.817331
9.09325  0.817453
9.0965  0.817574
9.09975  0.817696
9.103  0.817818
9.10625  0.817939
9.1095  0.81806
9.11275  0.818182
9.116  0.818303
9.11925  0.818424
9.1225  0.818544
9.12575  0.818665
9.129  0.818786
9.13225  0.818906
9.1355  0.819027
9.13875  0.819147
9.142  0.819267
9.14525  0.819387
9.1485  0.819507
9.15175  0.819627
9.155  0.819746
9.15825  0.819866
9.1615  0.819986
9.16475  0.820105
9.168  0.820224
9.17125  0.820343
9.1745  0.820462
9.17775  0.820581
9.181  0.8207
9.18425  0.820818
9.1875  0.820937
9.19075  0.821055
9.194  0.821174
9.19725  0.821292
9.2005  0.82141
9.20375  0.821528
9.207  0.821646
9.21025  0.821763
9.2135  0.821881
9.21675  0.821999
9.22  0.822116
9.22325  0.822233
9.2265  0.82235
9.22975  0.822467
9.233  0.822584
9.23625  0.822701
9.2395  0.822818
9.24275  0.822935
9.246  0.823051
9.24925  0.823167
9.2525  0.823284
9.25575  0.8234
9.259  0.823516
9.26225  0.823632
9.2655  0.823748
9.26875  0.823863
9.272  0.823979
9.27525  0.824094
9.2785  0.82421
9.28175  0.824325
9.285  0.82444
9.28825  0.824555
9.2915  0.82467
9.29475  0.824785
9.298  0.8249
9.30125  0.825014
9.3045  0.825129
9.30775  0.825243
9.311  0.825358
9.31425  0.825472
9.3175  0.825586
9.32075  0.8257
9.324  0.825814
9.32725  0.825927
9.3305  0.826041
9.33375  0.826154
9.337  0.826268
9.34025  0.826381
9.3435  0.826494
9.34675  0.826607
9.35  0.82672
9.35325  0.826833
9.3565  0.826946
9.35975  0.827059
9.363  0.827171
9.36625  0.827284
9.3695  0.827396
9.37275  0.827508
9.376  0.82762
9.37925  0.827732
9.3825  0.827844
9.38575  0.827956
9.389  0.828068
9.39225  0.828179
9.3955  0.828291
9.39875  0.828402
9.402  0.828514
9.40525  0.828625
9.4085  0.828736
9.41175  0.828847
9.415  0.828958
9.41825  0.829068
9.4215  0.829179
9.42475  0.829289
9.428  0.8294
9.43125  0.82951
9.4345  0.82962
9.43775  0.829731
9.441  0.829841
9.44425  0.829951
9.4475  0.83006
9.45075  0.83017
9.454  0.83028
9.45725  0.830389
9.4605  0.830499
9.46375  0.830608
9.467  0.830717
9.47025  0.830826
9.4735  0.830935
9.47675  0.831044
9.48  0.831153
9.48325  0.831261
9.4865  0.83137
9.48975  0.831478
9.493  0.831587
9.49625  0.831695
9.4995  0.831803
9.50275  0.831911
9.506  0.832019
9.50925  0.832127
9.5125  0.832235
9.51575  0.832343
9.519  0.83245
9.52225  0.832558
9.5255  0.832665
9.52875  0.832772
9.532  0.832879
9.53525  0.832986
9.5385  0.833093
9.54175  0.8332
9.545  0.833307
9.54825  0.833414
9.5515  0.83352
9.55475  0.833627
9.558  0.833733
9.56125  0.833839
9.5645  0.833945
9.56775  0.834051
9.571  0.834157
9.57425  0.834263
9.5775  0.834369
9.58075  0.834475
9.584  0.83458
9.58725  0.834686
9.5905  0.834791
9.59375  0.834896
9.597  0.835001
9.60025  0.835107
9.6035  0.835212
9.60675  0.835316
9.61  0.835421
9.61325  0.835526
9.6165  0.83563
9.61975  0.835735
9.623  0.835839
9.62625  0.835944
9.6295  0.836048
9.63275  0.836152
9.636  0.836256
9.63925  0.83636
9.6425  0.836464
9.64575  0.836567
9.649  0.836671
9.65225  0.836774
9.6555  0.836878
9.65875  0.836981
9.662  0.837084
9.66525  0.837188
9.6685  0.837291
9.67175  0.837394
9.675  0.837496
9.67825  0.837599
9.6815  0.837702
9.68475  0.837804
9.688  0.837907
9.69125  0.838009
9.6945  0.838111
9.69775  0.838214
9.701  0.838316
9.70425  0.838418
9.7075  0.83852
9.71075  0.838621
9.714  0.838723
9.71725  0.838825
9.7205  0.838926
9.72375  0.839028
9.727  0.839129
9.73025  0.83923
9.7335  0.839331
9.73675  0.839433
9.74  0.839534
9.74325  0.839634
9.7465  0.839735
9.74975  0.839836
9.753  0.839936
9.75625  0.840037
9.7595  0.840137
9.76275  0.840238
9.766  0.840338
9.76925  0.840438
9.7725  0.840538
9.77575  0.840638
9.779  0.840738
9.78225  0.840838
9.7855  0.840937
9.78875  0.841037
9.792  0.841136
9.79525  0.841236
9.7985  0.841335
9.80175  0.841434
9.805  0.841533
9.80825  0.841632
9.8115  0.841731
9.81475  0.84183
9.818  0.841929
9.82125  0.842028
9.8245  0.842126
9.82775  0.842225
9.831  0.842323
9.83425  0.842422
9.8375  0.84252
9.84075  0.842618
9.844  0.842716
9.84725  0.842814
9.8505  0.842912
9.85375  0.84301
9.857  0.843107
9.86025  0.843205
9.8635  0.843302
9.86675  0.8434
9.87  0.843497
9.87325  0.843594
9.8765  0.843691
9.87975  0.843789
9.883  0.843885
9.88625  0.843982
9.8895  0.844079
9.89275  0.844176
9.896  0.844273
9.89925  0.844369
9.9025  0.844466
9.90575  0.844562
9.909  0.844658
9.91225  0.844754
9.9155  0.84485
9.91875  0.844946
9.922  0.845042
9.92525  0.845138
9.9285  0.845234
9.93175  0.84533
9.935  0.845425
9.93825  0.845521
9.9415  0.845616
9.94475  0.845711
9.948  0.845807
9.95125  0.845902
9.9545  0.845997
9.95775  0.846092
9.961  0.846187
9.96425  0.846282
9.9675  0.846376
9.97075  0.846471
9.974  0.846565
9.97725  0.84666
9.9805  0.846754
9.98375  0.846849
9.987  0.846943
9.99025  0.847037
9.9935  0.847131
9.99675  0.847225
