0.25  -11.0219
0.25325  -10.9995
0.2565  -11.0121
0.25975  -11.0584
0.263  -11.1399
0.26625  -11.2612
0.2695  -11.4323
0.27275  -11.6732
0.276  -12.0249
0.27925  -12.5505
0.2825  -12.7291
0.28575  -12.1893
0.289  -11.7974
0.29225  -11.5345
0.2955  -11.3476
0.29875  -11.2103
0.302  -11.1082
0.30525  -11.0333
0.3085  -10.9803
0.31175  -10.9459
0.315  -10.9277
0.31825  -10.9244
0.3215  -10.9351
0.32475  -10.9594
0.328  -10.9973
0.33125  -11.0493
0.3345  -11.1165
0.33775  -11.2007
0.341  -11.3046
0.34425  -11.4327
0.3475  -11.5918
0.35075  -11.7934
0.354  -12.0565
0.35725  -12.4088
0.3605  -12.8021
0.36375  -12.7401
0.367  -12.3433
0.37025  -12.02
0.3735  -11.7796
0.37675  -11.5941
0.38  -11.4462
0.38325  -11.3257
0.3865  -11.2261
0.38975  -11.1429
0.393  -11.073
0.39625  -11.0142
0.3995  -10.965
0.40275  -10.924
0.406  -10.8903
0.40925  -10.8631
0.4125  -10.8419
0.41575  -10.8262
0.419  -10.8156
0.42225  -10.8098
0.4255  -10.8086
0.42875  -10.8117
0.432  -10.8191
0.43525  -10.8307
0.4385  -10.8463
0.44175  -10.8661
0.445  -10.8901
0.44825  -10.9184
0.4515  -10.951
0.45475  -10.9883
0.458  -11.0304
0.46125  -11.0778
0.4645  -11.1309
0.46775  -11.1902
0.471  -11.2565
0.47425  -11.3308
0.4775  -11.4142
0.48075  -11.5086
0.484  -11.616
0.48725  -11.7395
0.4905  -11.8831
0.49375  -12.0525
0.497  -12.2539
0.50025  -12.489
0.5035  -12.7258
0.50675  -12.8296
0.51  -12.692
0.51325  -12.4542
0.5165  -12.2296
0.51975  -12.0392
0.523  -11.8796
0.52625  -11.7442
0.5295  -11.6277
0.53275  -11.5264
0.536  -11.4371
0.53925  -11.3578
0.5425  -11.2869
0.54575  -11.223
0.549  -11.1652
0.55225  -11.1126
0.5555  -11.0647
0.55875  -11.021
0.562  -10.9809
0.56525  -10.9441
0.5685  -10.9103
0.57175  -10.8793
0.575  -10.8507
0.57825  -10.8245
0.5815  -10.8004
0.58475  -10.7783
0.588  -10.758
0.59125  -10.7395
0.5945  -10.7225
0.59775  -10.7072
0.601  -10.6932
0.60425  -10.6806
0.6075  -10.6694
0.61075  -10.6593
0.614  -10.6505
0.61725  -10.6427
0.6205  -10.6361
0.62375  -10.6305
0.627  -10.6262
0.63025  -10.623
0.6335  -10.6208
0.63675  -10.6194
0.64  -10.619
0.64325  -10.6194
0.6465  -10.6206
0.64975  -10.6227
0.653  -10.6255
0.65625  -10.6292
0.6595  -10.6336
0.66275  -10.6387
0.666  -10.6446
0.66925  -10.6512
0.6725  -10.6586
0.67575  -10.6667
0.679  -10.6755
0.68225  -10.685
0.6855  -10.6953
0.68875  -10.7062
0.692  -10.7179
0.69525  -10.7303
0.6985  -10.7435
0.70175  -10.7573
0.705  -10.7719
0.70825  -10.7873
0.7115  -10.8034
0.71475  -10.8204
0.718  -10.8381
0.72125  -10.8566
0.7245  -10.8759
0.72775  -10.8962
0.731  -10.9173
0.73425  -10.9393
0.7375  -10.9622
0.74075  -10.9862
0.744  -11.0112
0.74725  -11.0372
0.7505  -11.0644
0.75375  -11.0927
0.757  -11.1223
0.76025  -11.1531
0.7635  -11.1854
0.76675  -11.2191
0.77  -11.2544
0.77325  -11.2914
0.7765  -11.3301
0.77975  -11.3708
0.783  -11.4136
0.78625  -11.4586
0.7895  -11.5061
0.79275  -11.5563
0.796  -11.6095
0.79925  -11.6659
0.8025  -11.7258
0.80575  -11.7897
0.809  -11.858
0.81225  -11.9311
0.8155  -12.0095
0.81875  -12.0935
0.822  -12.1835
0.82525  -12.2791
0.8285  -12.3792
0.83175  -12.481
0.835  -12.5784
0.83825  -12.6609
0.8415  -12.7139
0.84475  -12.7249
0.848  -12.6912
0.85125  -12.6224
0.8545  -12.5331
0.85775  -12.4359
0.861  -12.3382
0.86425  -12.2443
0.8675  -12.1557
0.87075  -12.0729
0.874  -11.9959
0.87725  -11.9246
0.8805  -11.8584
0.88375  -11.7966
0.887  -11.7389
0.89025  -11.6848
0.8935  -11.6341
0.89675  -11.5864
0.9  -11.5413
0.90325  -11.4988
0.9065  -11.4584
0.90975  -11.4202
0.913  -11.3839
0.91625  -11.3493
0.9195  -11.3163
0.92275  -11.2848
0.926  -11.2547
0.92925  -11.2258
0.9325  -11.1982
0.93575  -11.1718
0.939  -11.1463
0.94225  -11.1219
0.9455  -11.0984
0.94875  -11.0758
0.952  -11.054
0.95525  -11.033
0.9585  -11.0127
0.96175  -10.9931
0.965  -10.9742
0.96825  -10.956
0.9715  -10.9383
0.97475  -10.9212
0.978  -10.9047
0.98125  -10.8887
0.9845  -10.8732
0.98775  -10.8582
0.991  -10.8436
0.99425  -10.8295
0.9975  -10.8158
1.00075  -10.8026
1.004  -10.7897
1.00725  -10.7772
1.0105  -10.765
1.01375  -10.7532
1.017  -10.7418
1.02025  -10.7306
1.0235  -10.7198
1.02675  -10.7093
1.03  -10.699
1.03325  -10.6891
1.0365  -10.6794
1.03975  -10.67
1.043  -10.6609
1.04625  -10.652
1.0495  -10.6433
1.05275  -10.6349
1.056  -10.6267
1.05925  -10.6187
1.0625  -10.611
1.06575  -10.6034
1.069  -10.5961
1.07225  -10.5889
1.0755  -10.582
1.07875  -10.5752
1.082  -10.5686
1.08525  -10.5622
1.0885  -10.556
1.09175  -10.5499
1.095  -10.544
1.09825  -10.5383
1.1015  -10.5327
1.10475  -10.5272
1.108  -10.5219
1.11125  -10.5168
1.1145  -10.5118
1.11775  -10.5069
1.121  -10.5022
1.12425  -10.4976
1.1275  -10.4934
1.13075  -10.4894
1.134  -10.4855
1.13725  -10.4818
1.1405  -10.4782
1.14375  -10.4747
1.147  -10.4713
1.15025  -10.468
1.1535  -10.4648
1.15675  -10.4617
1.16  -10.4587
1.16325  -10.4559
1.1665  -10.4531
1.16975  -10.4504
1.173  -10.4478
1.17625  -10.4454
1.1795  -10.443
1.18275  -10.4407
1.186  -10.4384
1.18925  -10.4363
1.1925  -10.4343
1.19575  -10.4323
1.199  -10.4304
1.20225  -10.4286
1.2055  -10.4269
1.20875  -10.4252
1.212  -10.4237
1.21525  -10.4222
1.2185  -10.4207
1.22175  -10.4194
1.225  -10.4181
1.22825  -10.4169
1.2315  -10.4157
1.23475  -10.4147
1.238  -10.4137
1.24125  -10.4127
1.2445  -10.4118
1.24775  -10.411
1.251  -10.4103
1.25425  -10.4096
1.2575  -10.4089
1.26075  -10.4084
1.264  -10.4078
1.26725  -10.4074
1.2705  -10.407
1.27375  -10.4066
1.277  -10.4063
1.28025  -10.4061
1.2835  -10.4059
1.28675  -10.4058
1.29  -10.4057
1.29325  -10.4057
1.2965  -10.4057
1.29975  -10.4058
1.303  -10.4059
1.30625  -10.406
1.3095  -10.4062
1.31275  -10.4065
1.316  -10.4068
1.31925  -10.4072
1.3225  -10.4076
1.32575  -10.408
1.329  -10.4085
1.33225  -10.409
1.3355  -10.4096
1.33875  -10.4102
1.342  -10.4109
1.34525  -10.4115
1.3485  -10.4123
1.35175  -10.4131
1.355  -10.4139
1.35825  -10.4147
1.3615  -10.4156
1.36475  -10.4166
1.368  -10.4175
1.37125  -10.4185
1.3745  -10.4196
1.37775  -10.4209
1.381  -10.4224
1.38425  -10.4239
1.3875  -10.4254
1.39075  -10.427
1.394  -10.4286
1.39725  -10.4302
1.4005  -10.4319
1.40375  -10.4335
1.407  -10.4353
1.41025  -10.437
1.4135  -10.4388
1.41675  -10.4406
1.42  -10.4425
1.42325  -10.4444
1.4265  -10.4463
1.42975  -10.4482
1.433  -10.4502
1.43625  -10.4522
1.4395  -10.4543
1.44275  -10.4563
1.446  -10.4584
1.44925  -10.4605
1.4525  -10.4627
1.45575  -10.4649
1.459  -10.4671
1.46225  -10.4693
1.4655  -10.4716
1.46875  -10.4739
1.472  -10.4762
1.47525  -10.4785
1.4785  -10.4809
1.48175  -10.4833
1.485  -10.4857
1.48825  -10.4882
1.4915  -10.4907
1.49475  -10.4932
1.498  -10.4957
1.50125  -10.4982
1.5045  -10.5008
1.50775  -10.5034
1.511  -10.506
1.51425  -10.5087
1.5175  -10.5114
1.52075  -10.5141
1.524  -10.5168
1.52725  -10.5195
1.5305  -10.5223
1.53375  -10.5251
1.537  -10.5279
1.54025  -10.5308
1.5435  -10.5336
1.54675  -10.5365
1.55  -10.5394
1.55325  -10.5424
1.5565  -10.5453
1.55975  -10.5483
1.563  -10.5513
1.56625  -10.5543
1.5695  -10.5574
1.57275  -10.5605
1.576  -10.5636
1.57925  -10.5667
1.5825  -10.5698
1.58575  -10.573
1.589  -10.5761
1.59225  -10.5794
1.5955  -10.5826
1.59875  -10.5858
1.602  -10.5891
1.60525  -10.5924
1.6085  -10.5957
1.61175  -10.599
1.615  -10.6024
1.61825  -10.6057
1.6215  -10.6091
1.62475  -10.6125
1.628  -10.6156
1.63125  -10.6187
1.6345  -10.6218
1.63775  -10.6249
1.641  -10.628
1.64425  -10.6312
1.6475  -10.6344
1.65075  -10.6376
1.654  -10.6408
1.65725  -10.644
1.6605  -10.6473
1.66375  -10.6506
1.667  -10.6539
1.67025  -10.6572
1.6735  -10.6605
1.67675  -10.6639
1.68  -10.6673
1.68325  -10.6707
1.6865  -10.6741
1.68975  -10.6776
1.693  -10.681
1.69625  -10.6845
1.6995  -10.688
1.70275  -10.6916
1.706  -10.6951
1.70925  -10.6987
1.7125  -10.7023
1.71575  -10.7059
1.719  -10.7095
1.72225  -10.7132
1.7255  -10.7169
1.72875  -10.7206
1.732  -10.7243
1.73525  -10.728
1.7385  -10.7318
1.74175  -10.7356
1.745  -10.7394
1.74825  -10.7432
1.7515  -10.7471
1.75475  -10.7509
1.758  -10.7548
1.76125  -10.7587
1.7645  -10.7626
1.76775  -10.7666
1.771  -10.7706
1.77425  -10.7746
1.7775  -10.7786
1.78075  -10.7826
1.784  -10.7867
1.78725  -10.7908
1.7905  -10.7949
1.79375  -10.799
1.797  -10.8031
1.80025  -10.8073
1.8035  -10.8115
1.80675  -10.8157
1.81  -10.8199
1.81325  -10.8242
1.8165  -10.8285
1.81975  -10.8328
1.823  -10.8371
1.82625  -10.8414
1.8295  -10.8458
1.83275  -10.8502
1.836  -10.8546
1.83925  -10.859
1.8425  -10.8635
1.84575  -10.868
1.849  -10.8725
1.85225  -10.877
1.8555  -10.8816
1.85875  -10.8861
1.862  -10.8907
1.86525  -10.8954
1.8685  -10.9
1.87175  -10.9047
1.875  -10.9094
1.87825  -10.9143
1.8815  -10.9193
1.88475  -10.9244
1.888  -10.9294
1.89125  -10.9345
1.8945  -10.9396
1.89775  -10.9447
1.901  -10.9498
1.90425  -10.955
1.9075  -10.9602
1.91075  -10.9654
1.914  -10.9706
1.91725  -10.9759
1.9205  -10.9812
1.92375  -10.9865
1.927  -10.9919
1.93025  -10.9972
1.9335  -11.0026
1.93675  -11.0081
1.94  -11.0135
1.94325  -11.019
1.9465  -11.0245
1.94975  -11.03
1.953  -11.0356
1.95625  -11.0412
1.9595  -11.0468
1.96275  -11.0525
1.966  -11.0582
1.96925  -11.0639
1.9725  -11.0696
1.97575  -11.0754
1.979  -11.0812
1.98225  -11.087
1.9855  -11.0929
1.98875  -11.0988
1.992  -11.1047
1.99525  -11.1107
1.9985  -11.1166
2.00175  -11.1227
2.005  -11.1287
2.00825  -11.1348
2.0115  -11.1409
2.01475  -11.1471
2.018  -11.1532
2.02125  -11.1595
2.0245  -11.1657
2.02775  -11.172
2.031  -11.1783
2.03425  -11.1847
2.0375  -11.1911
2.04075  -11.1975
2.044  -11.204
2.04725  -11.2105
2.0505  -11.217
2.05375  -11.2236
2.057  -11.2302
2.06025  -11.2368
2.0635  -11.2435
2.06675  -11.2503
2.07  -11.257
2.07325  -11.2638
2.0765  -11.2707
2.07975  -11.2776
2.083  -11.2845
2.08625  -11.2915
2.0895  -11.2985
2.09275  -11.3056
2.096  -11.3127
2.09925  -11.3198
2.1025  -11.327
2.10575  -11.3342
2.109  -11.3415
2.11225  -11.3489
2.1155  -11.3562
2.11875  -11.3637
2.122  -11.3711
2.12525  -11.3787
2.1285  -11.3865
2.13175  -11.3943
2.135  -11.4022
2.13825  -11.4101
2.1415  -11.4181
2.14475  -11.4262
2.148  -11.4343
2.15125  -11.4424
2.1545  -11.4507
2.15775  -11.4589
2.161  -11.4672
2.16425  -11.4756
2.1675  -11.484
2.17075  -11.4925
2.174  -11.5011
2.17725  -11.5097
2.1805  -11.5184
2.18375  -11.5271
2.187  -11.5359
2.19025  -11.5447
2.1935  -11.5537
2.19675  -11.5626
2.2  -11.5717
2.20325  -11.5808
2.2065  -11.59
2.20975  -11.5992
2.213  -11.6085
2.21625  -11.6179
2.2195  -11.6274
2.22275  -11.6369
2.226  -11.6465
2.22925  -11.6562
2.2325  -11.666
2.23575  -11.6758
2.239  -11.6857
2.24225  -11.6957
2.2455  -11.7058
2.24875  -11.7159
2.252  -11.7261
2.25525  -11.7364
2.2585  -11.7468
2.26175  -11.7573
2.265  -11.7679
2.26825  -11.7785
2.2715  -11.7893
2.27475  -11.8001
2.278  -11.811
2.28125  -11.8221
2.2845  -11.8332
2.28775  -11.8444
2.291  -11.8557
2.29425  -11.8671
2.2975  -11.8786
2.30075  -11.8902
2.304  -11.9019
2.30725  -11.9137
2.3105  -11.9256
2.31375  -11.9376
2.317  -11.9497
2.32025  -11.9619
2.3235  -11.9742
2.32675  -11.9867
2.33  -11.9992
2.33325  -12.0119
2.3365  -12.0246
2.33975  -12.0375
2.343  -12.0505
2.34625  -12.0636
2.3495  -12.0768
2.35275  -12.0901
2.356  -12.1036
2.35925  -12.1171
2.3625  -12.1308
2.36575  -12.1445
2.369  -12.1584
2.37225  -12.1724
2.3755  -12.1864
2.37875  -12.2005
2.382  -12.2146
2.38525  -12.2288
2.3885  -12.2431
2.39175  -12.2575
2.395  -12.272
2.39825  -12.2866
2.4015  -12.3013
2.40475  -12.316
2.408  -12.3308
2.41125  -12.3456
2.4145  -12.3605
2.41775  -12.3754
2.421  -12.3903
2.42425  -12.4052
2.4275  -12.4201
2.43075  -12.435
2.434  -12.4498
2.43725  -12.4646
2.4405  -12.4793
2.44375  -12.4939
2.447  -12.5084
2.45025  -12.5227
2.4535  -12.5368
2.45675  -12.5507
2.46  -12.5644
2.46325  -12.5778
2.4665  -12.5908
2.46975  -12.6036
2.473  -12.6159
2.47625  -12.6278
2.4795  -12.6392
2.48275  -12.6501
2.486  -12.6605
2.48925  -12.6702
2.4925  -12.6794
2.49575  -12.6878
2.499  -12.6956
2.50225  -12.7026
2.5055  -12.7088
2.50875  -12.7142
2.512  -12.7187
2.51525  -12.7224
2.5185  -12.7252
2.52175  -12.7272
2.525  -12.7282
2.52825  -12.7284
2.5315  -12.7277
2.53475  -12.7261
2.538  -12.7236
2.54125  -12.7203
2.5445  -12.7162
2.54775  -12.7113
2.551  -12.7056
2.55425  -12.6992
2.5575  -12.6922
2.56075  -12.6845
2.564  -12.6762
2.56725  -12.6673
2.5705  -12.658
2.57375  -12.6481
2.577  -12.6378
2.58025  -12.6272
2.5835  -12.6161
2.58675  -12.6048
2.59  -12.5931
2.59325  -12.5813
2.5965  -12.5692
2.59975  -12.5569
2.603  -12.5444
2.60625  -12.5318
2.6095  -12.5191
2.61275  -12.5064
2.616  -12.4935
2.61925  -12.4806
2.6225  -12.4677
2.62575  -12.4548
2.629  -12.442
2.63225  -12.4292
2.6355  -12.4164
2.63875  -12.4036
2.642  -12.3909
2.64525  -12.3783
2.6485  -12.3657
2.65175  -12.3532
2.655  -12.3408
2.65825  -12.3285
2.6615  -12.3162
2.66475  -12.304
2.668  -12.292
2.67125  -12.28
2.6745  -12.2681
2.67775  -12.2564
2.681  -12.2447
2.68425  -12.2332
2.6875  -12.2217
2.69075  -12.2104
2.694  -12.1992
2.69725  -12.1881
2.7005  -12.1771
2.70375  -12.1662
2.707  -12.1554
2.71025  -12.1447
2.7135  -12.1342
2.71675  -12.1237
2.72  -12.1134
2.72325  -12.1031
2.7265  -12.093
2.72975  -12.083
2.733  -12.0731
2.73625  -12.0633
2.7395  -12.0536
2.74275  -12.044
2.746  -12.0345
2.74925  -12.0251
2.7525  -12.0158
2.75575  -12.0066
2.759  -11.9975
2.76225  -11.9884
2.7655  -11.9795
2.76875  -11.9707
2.772  -11.962
2.77525  -11.9533
2.7785  -11.9448
2.78175  -11.9363
2.785  -11.9279
2.78825  -11.9196
2.7915  -11.9114
2.79475  -11.9033
2.798  -11.8952
2.80125  -11.8873
2.8045  -11.8794
2.80775  -11.8716
2.811  -11.8639
2.81425  -11.8562
2.8175  -11.8486
2.82075  -11.8411
2.824  -11.8337
2.82725  -11.8263
2.8305  -11.819
2.83375  -11.8118
2.837  -11.8047
2.84025  -11.7976
2.8435  -11.7906
2.84675  -11.7836
2.85  -11.7768
2.85325  -11.7699
2.8565  -11.7632
2.85975  -11.7565
2.863  -11.7499
2.86625  -11.7433
2.8695  -11.7368
2.87275  -11.7303
2.876  -11.7241
2.87925  -11.7182
2.8825  -11.7124
2.88575  -11.7067
2.889  -11.701
2.89225  -11.6953
2.8955  -11.6897
2.89875  -11.6842
2.902  -11.6787
2.90525  -11.6733
2.9085  -11.6679
2.91175  -11.6626
2.915  -11.6573
2.91825  -11.6521
2.9215  -11.6469
2.92475  -11.6418
2.928  -11.6367
2.93125  -11.6316
2.9345  -11.6266
2.93775  -11.6217
2.941  -11.6168
2.94425  -11.6119
2.9475  -11.6071
2.95075  -11.6023
2.954  -11.5976
2.95725  -11.5929
2.9605  -11.5882
2.96375  -11.5836
2.967  -11.5791
2.97025  -11.5745
2.9735  -11.57
2.97675  -11.5656
2.98  -11.5612
2.98325  -11.5568
2.9865  -11.5525
2.98975  -11.5482
2.993  -11.5439
2.99625  -11.5397
2.9995  -11.5355
3.00275  -11.5313
3.006  -11.5272
3.00925  -11.5231
3.0125  -11.5191
3.01575  -11.5151
3.019  -11.5111
3.02225  -11.5071
3.0255  -11.5032
3.02875  -11.4993
3.032  -11.4955
3.03525  -11.4916
3.0385  -11.4878
3.04175  -11.4841
3.045  -11.4803
3.04825  -11.4766
3.0515  -11.473
3.05475  -11.4693
3.058  -11.4657
3.06125  -11.4621
3.0645  -11.4586
3.06775  -11.455
3.071  -11.4515
3.07425  -11.448
3.0775  -11.4446
3.08075  -11.4412
3.084  -11.4378
3.08725  -11.4344
3.0905  -11.4311
3.09375  -11.4278
3.097  -11.4245
3.10025  -11.4212
3.1035  -11.418
3.10675  -11.4148
3.11  -11.4116
3.11325  -11.4084
3.1165  -11.4053
3.11975  -11.4021
3.123  -11.399
3.12625  -11.3961
3.1295  -11.3933
3.13275  -11.3906
3.136  -11.3879
3.13925  -11.3852
3.1425  -11.3826
3.14575  -11.3799
3.149  -11.3773
3.15225  -11.3748
3.1555  -11.3722
3.15875  -11.3696
3.162  -11.3671
3.16525  -11.3646
3.1685  -11.3621
3.17175  -11.3597
3.175  -11.3573
3.17825  -11.3548
3.1815  -11.3525
3.18475  -11.3501
3.188  -11.3477
3.19125  -11.3454
3.1945  -11.3431
3.19775  -11.3408
3.201  -11.3385
3.20425  -11.3363
3.2075  -11.334
3.21075  -11.3318
3.214  -11.3296
3.21725  -11.3275
3.2205  -11.3253
3.22375  -11.3232
3.227  -11.321
3.23025  -11.3189
3.2335  -11.3169
3.23675  -11.3148
3.24  -11.3127
3.24325  -11.3107
3.2465  -11.3087
3.24975  -11.3067
3.253  -11.3047
3.25625  -11.3028
3.2595  -11.3008
3.26275  -11.2989
3.266  -11.297
3.26925  -11.2951
3.2725  -11.2932
3.27575  -11.2914
3.279  -11.2895
3.28225  -11.2877
3.2855  -11.2859
3.28875  -11.2841
3.292  -11.2823
3.29525  -11.2806
3.2985  -11.2788
3.30175  -11.2771
3.305  -11.2754
3.30825  -11.2737
3.3115  -11.272
3.31475  -11.2703
3.318  -11.2687
3.32125  -11.267
3.3245  -11.2654
3.32775  -11.2638
3.331  -11.2622
3.33425  -11.2606
3.3375  -11.259
3.34075  -11.2575
3.344  -11.2559
3.34725  -11.2544
3.3505  -11.2529
3.35375  -11.2514
3.357  -11.2499
3.36025  -11.2485
3.3635  -11.247
3.36675  -11.2456
3.37  -11.2441
3.37325  -11.2427
3.3765  -11.2414
3.37975  -11.24
3.383  -11.2387
3.38625  -11.2374
3.3895  -11.2361
3.39275  -11.2348
3.396  -11.2336
3.39925  -11.2323
3.4025  -11.2311
3.40575  -11.2299
3.409  -11.2287
3.41225  -11.2275
3.4155  -11.2263
3.41875  -11.2251
3.422  -11.2239
3.42525  -11.2228
3.4285  -11.2217
3.43175  -11.2205
3.435  -11.2194
3.43825  -11.2183
3.4415  -11.2172
3.44475  -11.2162
3.448  -11.2151
3.45125  -11.2141
3.4545  -11.213
3.45775  -11.212
3.461  -11.211
3.46425  -11.21
3.4675  -11.209
3.47075  -11.208
3.474  -11.2071
3.47725  -11.2061
3.4805  -11.2052
3.48375  -11.2042
3.487  -11.2033
3.49025  -11.2024
3.4935  -11.2015
3.49675  -11.2006
3.5  -11.1997
3.50325  -11.1989
3.5065  -11.198
3.50975  -11.1972
3.513  -11.1964
3.51625  -11.1955
3.5195  -11.1947
3.52275  -11.1939
3.526  -11.1931
3.52925  -11.1924
3.5325  -11.1916
3.53575  -11.1909
3.539  -11.1901
3.54225  -11.1894
3.5455  -11.1887
3.54875  -11.1879
3.552  -11.1872
3.55525  -11.1866
3.5585  -11.1859
3.56175  -11.1852
3.565  -11.1845
3.56825  -11.1839
3.5715  -11.1833
3.57475  -11.1826
3.578  -11.182
3.58125  -11.1814
3.5845  -11.1808
3.58775  -11.1802
3.591  -11.1797
3.59425  -11.1791
3.5975  -11.1785
3.60075  -11.178
3.604  -11.1774
3.60725  -11.1769
3.6105  -11.1764
3.61375  -11.1759
3.617  -11.1754
3.62025  -11.1749
3.6235  -11.1744
3.62675  -11.174
3.63  -11.1737
3.63325  -11.1733
3.6365  -11.173
3.63975  -11.1727
3.643  -11.1723
3.64625  -11.172
3.6495  -11.1717
3.65275  -11.1714
3.656  -11.1712
3.65925  -11.1709
3.6625  -11.1706
3.66575  -11.1704
3.669  -11.1702
3.67225  -11.1699
3.6755  -11.1697
3.67875  -11.1695
3.682  -11.1693
3.68525  -11.1691
3.6885  -11.169
3.69175  -11.1688
3.695  -11.1686
3.69825  -11.1685
3.7015  -11.1684
3.70475  -11.1682
3.708  -11.1681
3.71125  -11.168
3.7145  -11.1679
3.71775  -11.1678
3.721  -11.1678
3.72425  -11.1677
3.7275  -11.1676
3.73075  -11.1676
3.734  -11.1676
3.73725  -11.1675
3.7405  -11.1675
3.74375  -11.1675
3.747  -11.1675
3.75025  -11.1675
3.7535  -11.1675
3.75675  -11.1676
3.76  -11.1676
3.76325  -11.1677
3.7665  -11.1677
3.76975  -11.1678
3.773  -11.1679
3.77625  -11.168
3.7795  -11.1681
3.78275  -11.1682
3.786  -11.1683
3.78925  -11.1685
3.7925  -11.1686
3.79575  -11.1688
3.799  -11.1689
3.80225  -11.1691
3.8055  -11.1693
3.80875  -11.1695
3.812  -11.1697
3.81525  -11.1699
3.8185  -11.1701
3.82175  -11.1704
3.825  -11.1706
3.82825  -11.1709
3.8315  -11.1711
3.83475  -11.1714
3.838  -11.1717
3.84125  -11.172
3.8445  -11.1723
3.84775  -11.1726
3.851  -11.1729
3.85425  -11.1733
3.8575  -11.1736
3.86075  -11.174
3.864  -11.1743
3.86725  -11.1747
3.8705  -11.1751
3.87375  -11.1755
3.877  -11.1759
3.88025  -11.1763
3.8835  -11.1767
3.88675  -11.1771
3.89  -11.1775
3.89325  -11.178
3.8965  -11.1784
3.89975  -11.1789
3.903  -11.1793
3.90625  -11.1798
3.9095  -11.1803
3.91275  -11.1808
3.916  -11.1813
3.91925  -11.1818
3.9225  -11.1823
3.92575  -11.1829
3.929  -11.1834
3.93225  -11.184
3.9355  -11.1846
3.93875  -11.1851
3.942  -11.1857
3.94525  -11.1863
3.9485  -11.187
3.95175  -11.1876
3.955  -11.1882
3.95825  -11.1889
3.9615  -11.1895
3.96475  -11.1902
3.968  -11.1909
3.97125  -11.1916
3.9745  -11.1923
3.97775  -11.193
3.981  -11.1937
3.98425  -11.1944
3.9875  -11.1952
3.99075  -11.1959
3.994  -11.1967
3.99725  -11.1975
4.0005  -11.1983
4.00375  -11.1991
4.007  -11.1999
4.01025  -11.2007
4.0135  -11.2016
4.01675  -11.2024
4.02  -11.2033
4.02325  -11.2041
4.0265  -11.205
4.02975  -11.2059
4.033  -11.2068
4.03625  -11.2078
4.0395  -11.2087
4.04275  -11.2096
4.046  -11.2106
4.04925  -11.2116
4.0525  -11.2125
4.05575  -11.2135
4.059  -11.2145
4.06225  -11.2156
4.0655  -11.2166
4.06875  -11.2176
4.072  -11.2187
4.07525  -11.2198
4.0785  -11.2209
4.08175  -11.222
4.085  -11.2231
4.08825  -11.2242
4.0915  -11.2253
4.09475  -11.2265
4.098  -11.2276
4.10125  -11.2288
4.1045  -11.23
4.10775  -11.2312
4.111  -11.2324
4.11425  -11.2337
4.1175  -11.2349
4.12075  -11.2362
4.124  -11.2374
4.12725  -11.2386
4.1305  -11.2397
4.13375  -11.2407
4.137  -11.2418
4.14025  -11.243
4.1435  -11.2441
4.14675  -11.2452
4.15  -11.2464
4.15325  -11.2475
4.1565  -11.2487
4.15975  -11.2499
4.163  -11.2511
4.16625  -11.2523
4.1695  -11.2536
4.17275  -11.2548
4.176  -11.2561
4.17925  -11.2573
4.1825  -11.2586
4.18575  -11.2599
4.189  -11.2612
4.19225  -11.2625
4.1955  -11.2639
4.19875  -11.2652
4.202  -11.2666
4.20525  -11.268
4.2085  -11.2694
4.21175  -11.2708
4.215  -11.2722
4.21825  -11.2737
4.2215  -11.2751
4.22475  -11.2766
4.228  -11.2781
4.23125  -11.2796
4.2345  -11.2811
4.23775  -11.2826
4.241  -11.2842
4.24425  -11.2857
4.2475  -11.2873
4.25075  -11.2889
4.254  -11.2905
4.25725  -11.2921
4.2605  -11.2938
4.26375  -11.2954
4.267  -11.2971
4.27025  -11.2988
4.2735  -11.3005
4.27675  -11.3022
4.28  -11.304
4.28325  -11.3057
4.2865  -11.3075
4.28975  -11.3093
4.293  -11.3111
4.29625  -11.3129
4.2995  -11.3148
4.30275  -11.3167
4.306  -11.3186
4.30925  -11.3205
4.3125  -11.3224
4.31575  -11.3243
4.319  -11.3263
4.32225  -11.3283
4.3255  -11.3303
4.32875  -11.3323
4.332  -11.3344
4.33525  -11.3364
4.3385  -11.3385
4.34175  -11.3406
4.345  -11.3427
4.34825  -11.3449
4.3515  -11.3471
4.35475  -11.3493
4.358  -11.3515
4.36125  -11.3537
4.3645  -11.356
4.36775  -11.3583
4.371  -11.3606
4.37425  -11.3629
4.3775  -11.3647
4.38075  -11.3662
4.384  -11.3678
4.38725  -11.3694
4.3905  -11.3711
4.39375  -11.3727
4.397  -11.3744
4.40025  -11.376
4.4035  -11.3777
4.40675  -11.3794
4.41  -11.3811
4.41325  -11.3829
4.4165  -11.3846
4.41975  -11.3864
4.423  -11.3881
4.42625  -11.3899
4.4295  -11.3918
4.43275  -11.3936
4.436  -11.3954
4.43925  -11.3973
4.4425  -11.3992
4.44575  -11.4011
4.449  -11.403
4.45225  -11.4049
4.4555  -11.4069
4.45875  -11.4088
4.462  -11.4108
4.46525  -11.4128
4.4685  -11.4149
4.47175  -11.4169
4.475  -11.419
4.47825  -11.421
4.4815  -11.4231
4.48475  -11.4253
4.488  -11.4274
4.49125  -11.4296
4.4945  -11.4317
4.49775  -11.434
4.501  -11.4362
4.50425  -11.4384
4.5075  -11.4407
4.51075  -11.443
4.514  -11.4453
4.51725  -11.4476
4.5205  -11.45
4.52375  -11.4523
4.527  -11.4547
4.53025  -11.4572
4.5335  -11.4596
4.53675  -11.4621
4.54  -11.4646
4.54325  -11.4671
4.5465  -11.4696
4.54975  -11.4722
4.553  -11.4748
4.55625  -11.4774
4.5595  -11.4801
4.56275  -11.4828
4.566  -11.4855
4.56925  -11.4882
4.5725  -11.4909
4.57575  -11.4937
4.579  -11.4965
4.58225  -11.4994
4.5855  -11.5023
4.58875  -11.5052
4.592  -11.5081
4.59525  -11.5111
4.5985  -11.5141
4.60175  -11.5171
4.605  -11.5201
4.60825  -11.5232
4.6115  -11.5264
4.61475  -11.5295
4.618  -11.5327
4.62125  -11.536
4.6245  -11.5392
4.62775  -11.5412
4.631  -11.543
4.63425  -11.5447
4.6375  -11.5465
4.64075  -11.5483
4.644  -11.5501
4.64725  -11.552
4.6505  -11.5538
4.65375  -11.5557
4.657  -11.5576
4.66025  -11.5594
4.6635  -11.5614
4.66675  -11.5633
4.67  -11.5652
4.67325  -11.5672
4.6765  -11.5692
4.67975  -11.5711
4.683  -11.5731
4.68625  -11.5752
4.6895  -11.5772
4.69275  -11.5793
4.696  -11.5813
4.69925  -11.5834
4.7025  -11.5855
4.70575  -11.5877
4.709  -11.5898
4.71225  -11.592
4.7155  -11.5942
4.71875  -11.5964
4.722  -11.5986
4.72525  -11.6008
4.7285  -11.6031
4.73175  -11.6054
4.735  -11.6077
4.73825  -11.61
4.7415  -11.6123
4.74475  -11.6147
4.748  -11.6171
4.75125  -11.6195
4.7545  -11.6219
4.75775  -11.6244
4.761  -11.6268
4.76425  -11.6293
4.7675  -11.6319
4.77075  -11.6344
4.774  -11.637
4.77725  -11.6395
4.7805  -11.6421
4.78375  -11.6448
4.787  -11.6474
4.79025  -11.6501
4.7935  -11.6528
4.79675  -11.6556
4.8  -11.6583
4.80325  -11.6611
4.8065  -11.6639
4.80975  -11.6668
4.813  -11.6696
4.81625  -11.6725
4.8195  -11.6754
4.82275  -11.6784
4.826  -11.6814
4.82925  -11.6844
4.8325  -11.6874
4.83575  -11.6905
4.839  -11.6936
4.84225  -11.6967
4.8455  -11.6999
4.84875  -11.7031
4.852  -11.7063
4.85525  -11.7096
4.8585  -11.7129
4.86175  -11.7162
4.865  -11.7196
4.86825  -11.723
4.8715  -11.7264
4.87475  -11.7299
4.878  -11.7316
4.88125  -11.7332
4.8845  -11.7348
4.88775  -11.7364
4.891  -11.7381
4.89425  -11.7397
4.8975  -11.7413
4.90075  -11.743
4.904  -11.7446
4.90725  -11.7463
4.9105  -11.748
4.91375  -11.7497
4.917  -11.7514
4.92025  -11.7531
4.9235  -11.7549
4.92675  -11.7566
4.93  -11.7584
4.93325  -11.7602
4.9365  -11.7619
4.93975  -11.7637
4.943  -11.7656
4.94625  -11.7674
4.9495  -11.7692
4.95275  -11.7711
4.956  -11.7729
4.95925  -11.7748
4.9625  -11.7767
4.96575  -11.7786
4.969  -11.7806
4.97225  -11.7825
4.9755  -11.7844
4.97875  -11.7864
4.982  -11.7884
4.98525  -11.7904
4.9885  -11.7924
4.99175  -11.7944
4.995  -11.7965
4.99825  -11.7985
5.0015  -11.8006
5.00475  -11.8027
5.008  -11.8048
5.01125  -11.8069
5.0145  -11.809
5.01775  -11.8112
5.021  -11.8134
5.02425  -11.8155
5.0275  -11.8177
5.03075  -11.82
5.034  -11.8222
5.03725  -11.8245
5.0405  -11.8267
5.04375  -11.829
5.047  -11.8313
5.05025  -11.8337
5.0535  -11.836
5.05675  -11.8384
5.06  -11.8408
5.06325  -11.8432
5.0665  -11.8456
5.06975  -11.848
5.073  -11.8505
5.07625  -11.853
5.0795  -11.8555
5.08275  -11.858
5.086  -11.8606
5.08925  -11.8631
5.0925  -11.8657
5.09575  -11.8683
5.099  -11.871
5.10225  -11.8736
5.1055  -11.8763
5.10875  -11.879
5.112  -11.8818
5.11525  -11.8845
5.1185  -11.8873
5.12175  -11.8901
5.125  -11.8929
5.12825  -11.8939
5.1315  -11.8948
5.13475  -11.8958
5.138  -11.8968
5.14125  -11.8977
5.1445  -11.8987
5.14775  -11.8997
5.151  -11.9007
5.15425  -11.9017
5.1575  -11.9027
5.16075  -11.9037
5.164  -11.9047
5.16725  -11.9057
5.1705  -11.9068
5.17375  -11.9078
5.177  -11.9088
5.18025  -11.9099
5.1835  -11.9109
5.18675  -11.912
5.19  -11.913
5.19325  -11.9141
5.1965  -11.9152
5.19975  -11.9162
5.203  -11.9173
5.20625  -11.9184
5.2095  -11.9195
5.21275  -11.9206
5.216  -11.9217
5.21925  -11.9228
5.2225  -11.9239
5.22575  -11.9251
5.229  -11.9262
5.23225  -11.9273
5.2355  -11.9285
5.23875  -11.9296
5.242  -11.9308
5.24525  -11.9319
5.2485  -11.9331
5.25175  -11.9343
5.255  -11.9355
5.25825  -11.9366
5.2615  -11.9378
5.26475  -11.939
5.268  -11.9402
5.27125  -11.9415
5.2745  -11.9427
5.27775  -11.9439
5.281  -11.9451
5.28425  -11.9464
5.2875  -11.9476
5.29075  -11.9489
5.294  -11.9501
5.29725  -11.9514
5.3005  -11.9527
5.30375  -11.954
5.307  -11.9553
5.31025  -11.9565
5.3135  -11.9579
5.31675  -11.9592
5.32  -11.9605
5.32325  -11.9618
5.3265  -11.9631
5.32975  -11.9645
5.333  -11.9658
5.33625  -11.9672
5.3395  -11.9685
5.34275  -11.9699
5.346  -11.9713
5.34925  -11.9727
5.3525  -11.9741
5.35575  -11.9755
5.359  -11.9769
5.36225  -11.9783
5.3655  -11.9797
5.36875  -11.9811
5.372  -11.9826
5.37525  -11.984
5.3785  -11.9845
5.38175  -11.985
5.385  -11.9855
5.38825  -11.986
5.3915  -11.9865
5.39475  -11.9871
5.398  -11.9876
5.40125  -11.9881
5.4045  -11.9887
5.40775  -11.9892
5.411  -11.9897
5.41425  -11.9903
5.4175  -11.9908
5.42075  -11.9914
5.424  -11.9919
5.42725  -11.9924
5.4305  -11.993
5.43375  -11.9936
5.437  -11.9941
5.44025  -11.9947
5.4435  -11.9952
5.44675  -11.9958
5.45  -11.9964
5.45325  -11.9969
5.4565  -11.9975
5.45975  -11.9981
5.463  -11.9987
5.46625  -11.9992
5.4695  -11.9998
5.47275  -12.0004
5.476  -12.001
5.47925  -12.0016
5.4825  -12.0022
5.48575  -12.0028
5.489  -12.0034
5.49225  -12.004
5.4955  -12.0046
5.49875  -12.0052
5.502  -12.0058
5.50525  -12.0064
5.5085  -12.007
5.51175  -12.0076
5.515  -12.0083
5.51825  -12.0089
5.5215  -12.0095
5.52475  -12.0101
5.528  -12.0108
5.53125  -12.0114
5.5345  -12.012
5.53775  -12.0127
5.541  -12.0133
5.54425  -12.014
5.5475  -12.0146
5.55075  -12.0152
5.554  -12.0159
5.55725  -12.0166
5.5605  -12.0172
5.56375  -12.0179
5.567  -12.0185
5.57025  -12.0192
5.5735  -12.0199
5.57675  -12.0205
5.58  -12.0212
5.58325  -12.0219
5.5865  -12.0226
5.58975  -12.0233
5.593  -12.0239
5.59625  -12.0246
5.5995  -12.0253
5.60275  -12.026
5.606  -12.0267
5.60925  -12.0274
5.6125  -12.0281
5.61575  -12.0288
5.619  -12.0295
5.62225  -12.0303
5.6255  -12.031
5.62875  -12.0317
5.632  -12.0323
5.63525  -12.033
5.6385  -12.0337
5.64175  -12.0344
5.645  -12.0351
5.64825  -12.0358
5.6515  -12.0366
5.65475  -12.0373
5.658  -12.038
5.66125  -12.0387
5.6645  -12.0394
5.66775  -12.0401
5.671  -12.0409
5.67425  -12.0416
5.6775  -12.0423
5.68075  -12.0431
5.684  -12.0438
5.68725  -12.0445
5.6905  -12.0453
5.69375  -12.046
5.697  -12.0468
5.70025  -12.0475
5.7035  -12.0483
5.70675  -12.0491
5.71  -12.0498
5.71325  -12.0506
5.7165  -12.0514
5.71975  -12.0521
5.723  -12.0529
5.72625  -12.0537
5.7295  -12.0545
5.73275  -12.0552
5.736  -12.056
5.73925  -12.0568
5.7425  -12.0576
5.74575  -12.0584
5.749  -12.0592
5.75225  -12.06
5.7555  -12.0608
5.75875  -12.0616
5.762  -12.0624
5.76525  -12.0633
5.7685  -12.0641
5.77175  -12.0649
5.775  -12.0657
5.77825  -12.0666
5.7815  -12.0674
5.78475  -12.0682
5.788  -12.0691
5.79125  -12.0699
5.7945  -12.0708
5.79775  -12.0716
5.801  -12.0725
5.80425  -12.0733
5.8075  -12.0742
5.81075  -12.075
5.814  -12.0759
5.81725  -12.0768
5.8205  -12.0777
5.82375  -12.0785
5.827  -12.0794
5.83025  -12.0803
5.8335  -12.0812
5.83675  -12.0821
5.84  -12.083
5.84325  -12.0839
5.8465  -12.0848
5.84975  -12.0857
5.853  -12.0866
5.85625  -12.0875
5.8595  -12.0884
5.86275  -12.0893
5.866  -12.0903
5.86925  -12.0912
5.8725  -12.0921
5.87575  -12.0928
5.879  -12.0929
5.88225  -12.0929
5.8855  -12.0929
5.88875  -12.0929
5.892  -12.0929
5.89525  -12.0929
5.8985  -12.0929
5.90175  -12.093
5.905  -12.093
5.90825  -12.093
5.9115  -12.093
5.91475  -12.093
5.918  -12.093
5.92125  -12.0931
5.9245  -12.0931
5.92775  -12.0931
5.931  -12.0931
5.93425  -12.0931
5.9375  -12.0932
5.94075  -12.0932
5.944  -12.0932
5.94725  -12.0932
5.9505  -12.0933
5.95375  -12.0933
5.957  -12.0933
5.96025  -12.0933
5.9635  -12.0934
5.96675  -12.0934
5.97  -12.0934
5.97325  -12.0935
5.9765  -12.0935
5.97975  -12.0935
5.983  -12.0936
5.98625  -12.0936
5.9895  -12.0936
5.99275  -12.0937
5.996  -12.0937
5.99925  -12.0937
6.0025  -12.0938
6.00575  -12.0938
6.009  -12.0938
6.01225  -12.0939
6.0155  -12.0939
6.01875  -12.0939
6.022  -12.094
6.02525  -12.094
6.0285  -12.0941
6.03175  -12.0941
6.035  -12.0941
6.03825  -12.0942
6.0415  -12.0942
6.04475  -12.0943
6.048  -12.0943
6.05125  -12.0944
6.0545  -12.0944
6.05775  -12.0945
6.061  -12.0945
6.06425  -12.0946
6.0675  -12.0946
6.07075  -12.0946
6.074  -12.0947
6.07725  -12.0947
6.0805  -12.0948
6.08375  -12.0948
6.087  -12.0949
6.09025  -12.0949
6.0935  -12.095
6.09675  -12.0951
6.1  -12.0951
6.10325  -12.0952
6.1065  -12.0952
6.10975  -12.0953
6.113  -12.0953
6.11625  -12.0954
6.1195  -12.0954
6.12275  -12.0955
6.126  -12.0956
6.12925  -12.096
6.1325  -12.0963
6.13575  -12.0967
6.139  -12.097
6.14225  -12.0973
6.1455  -12.0977
6.14875  -12.098
6.152  -12.0984
6.15525  -12.0987
6.1585  -12.0991
6.16175  -12.0994
6.165  -12.0998
6.16825  -12.1001
6.1715  -12.1005
6.17475  -12.1008
6.178  -12.1012
6.18125  -12.1015
6.1845  -12.1019
6.18775  -12.1023
6.191  -12.1026
6.19425  -12.103
6.1975  -12.1033
6.20075  -12.1037
6.204  -12.1041
6.20725  -12.1044
6.2105  -12.1048
6.21375  -12.1052
6.217  -12.1055
6.22025  -12.1059
6.2235  -12.1063
6.22675  -12.1066
6.23  -12.107
6.23325  -12.1074
6.2365  -12.1078
6.23975  -12.1081
6.243  -12.1085
6.24625  -12.1089
6.2495  -12.1093
6.25275  -12.1097
6.256  -12.11
6.25925  -12.1104
6.2625  -12.1108
6.26575  -12.1112
6.269  -12.1116
6.27225  -12.112
6.2755  -12.1124
6.27875  -12.1127
6.282  -12.1131
6.28525  -12.1135
6.2885  -12.1139
6.29175  -12.1143
6.295  -12.1147
6.29825  -12.1151
6.3015  -12.1155
6.30475  -12.1159
6.308  -12.1163
6.31125  -12.1167
6.3145  -12.1171
6.31775  -12.1175
6.321  -12.1179
6.32425  -12.1183
6.3275  -12.1187
6.33075  -12.1192
6.334  -12.1196
6.33725  -12.12
6.3405  -12.1204
6.34375  -12.1208
6.347  -12.1212
6.35025  -12.1216
6.3535  -12.1221
6.35675  -12.1225
6.36  -12.1229
6.36325  -12.1233
6.3665  -12.1237
6.36975  -12.1242
6.373  -12.1246
6.37625  -12.1249
6.3795  -12.125
6.38275  -12.125
6.386  -12.1251
6.38925  -12.1252
6.3925  -12.1252
6.39575  -12.1253
6.399  -12.1254
6.40225  -12.1255
6.4055  -12.1256
6.40875  -12.1256
6.412  -12.1257
6.41525  -12.1258
6.4185  -12.1259
6.42175  -12.1259
6.425  -12.126
6.42825  -12.1261
6.4315  -12.1262
6.43475  -12.1263
6.438  -12.1263
6.44125  -12.1264
6.4445  -12.1265
6.44775  -12.1266
6.451  -12.1267
6.45425  -12.1268
6.4575  -12.1268
6.46075  -12.1269
6.464  -12.127
6.46725  -12.1271
6.4705  -12.1272
6.47375  -12.1273
6.477  -12.1274
6.48025  -12.1275
6.4835  -12.1275
6.48675  -12.1276
6.49  -12.1277
6.49325  -12.1278
6.4965  -12.1279
6.49975  -12.128
6.503  -12.1281
6.50625  -12.1282
6.5095  -12.1283
6.51275  -12.1284
6.516  -12.1285
6.51925  -12.1285
6.5225  -12.1286
6.52575  -12.1287
6.529  -12.1288
6.53225  -12.1289
6.5355  -12.129
6.53875  -12.1291
6.542  -12.1292
6.54525  -12.1293
6.5485  -12.1294
6.55175  -12.1295
6.555  -12.1296
6.55825  -12.1297
6.5615  -12.1298
6.56475  -12.1299
6.568  -12.13
6.57125  -12.1301
6.5745  -12.1302
6.57775  -12.1303
6.581  -12.1304
6.58425  -12.1305
6.5875  -12.1306
6.59075  -12.1307
6.594  -12.1308
6.59725  -12.1309
6.6005  -12.131
6.60375  -12.1311
6.607  -12.1313
6.61025  -12.1314
6.6135  -12.1315
6.61675  -12.1316
6.62  -12.1317
6.62325  -12.1318
6.6265  -12.1319
6.62975  -12.1321
6.633  -12.1323
6.63625  -12.1324
6.6395  -12.1326
6.64275  -12.1328
6.646  -12.1329
6.64925  -12.1331
6.6525  -12.1333
6.65575  -12.1334
6.659  -12.1336
6.66225  -12.1338
6.6655  -12.134
6.66875  -12.1341
6.672  -12.1343
6.67525  -12.1345
6.6785  -12.1347
6.68175  -12.1348
6.685  -12.135
6.68825  -12.1352
6.6915  -12.1354
6.69475  -12.1355
6.698  -12.1357
6.70125  -12.1359
6.7045  -12.1361
6.70775  -12.1363
6.711  -12.1364
6.71425  -12.1366
6.7175  -12.1368
6.72075  -12.137
6.724  -12.1372
6.72725  -12.1373
6.7305  -12.1375
6.73375  -12.1377
6.737  -12.1379
6.74025  -12.1381
6.7435  -12.1383
6.74675  -12.1385
6.75  -12.1386
6.75325  -12.1388
6.7565  -12.139
6.75975  -12.1392
6.763  -12.1394
6.76625  -12.1396
6.7695  -12.1398
6.77275  -12.14
6.776  -12.1402
6.77925  -12.1404
6.7825  -12.1405
6.78575  -12.1407
6.789  -12.1409
6.79225  -12.1411
6.7955  -12.1413
6.79875  -12.1415
6.802  -12.1417
6.80525  -12.1419
6.8085  -12.1421
6.81175  -12.1423
6.815  -12.1425
6.81825  -12.1427
6.8215  -12.1429
6.82475  -12.1431
6.828  -12.1433
6.83125  -12.1435
6.8345  -12.1437
6.83775  -12.1439
6.841  -12.1441
6.84425  -12.1443
6.8475  -12.1445
6.85075  -12.1447
6.854  -12.1449
6.85725  -12.1451
6.8605  -12.1453
6.86375  -12.1455
6.867  -12.1457
6.87025  -12.1459
6.8735  -12.1461
6.87675  -12.1464
6.88  -12.1466
6.88325  -12.1469
6.8865  -12.1471
6.88975  -12.1474
6.893  -12.1476
6.89625  -12.1479
6.8995  -12.1481
6.90275  -12.1484
6.906  -12.1487
6.90925  -12.1489
6.9125  -12.1492
6.91575  -12.1494
6.919  -12.1497
6.92225  -12.1499
6.9255  -12.1502
6.92875  -12.1505
6.932  -12.1507
6.93525  -12.151
6.9385  -12.1512
6.94175  -12.1515
6.945  -12.1518
6.94825  -12.152
6.9515  -12.1523
6.95475  -12.1526
6.958  -12.1528
6.96125  -12.1531
6.9645  -12.1534
6.96775  -12.1536
6.971  -12.1539
6.97425  -12.1542
6.9775  -12.1544
6.98075  -12.1547
6.984  -12.155
6.98725  -12.1552
6.9905  -12.1555
6.99375  -12.1558
6.997  -12.1561
7.00025  -12.1563
7.0035  -12.1566
7.00675  -12.1569
7.01  -12.1572
7.01325  -12.1574
7.0165  -12.1577
7.01975  -12.158
7.023  -12.1583
7.02625  -12.1585
7.0295  -12.1588
7.03275  -12.1591
7.036  -12.1594
7.03925  -12.1597
7.0425  -12.1599
7.04575  -12.1602
7.049  -12.1605
7.05225  -12.1608
7.0555  -12.1611
7.05875  -12.1614
7.062  -12.1616
7.06525  -12.1619
7.0685  -12.1622
7.07175  -12.1625
7.075  -12.1628
7.07825  -12.1631
7.0815  -12.1634
7.08475  -12.1637
7.088  -12.1639
7.09125  -12.1642
7.0945  -12.1645
7.09775  -12.1648
7.101  -12.1651
7.10425  -12.1654
7.1075  -12.1657
7.11075  -12.166
7.114  -12.1663
7.11725  -12.1666
7.1205  -12.1669
7.12375  -12.1672
7.127  -12.1673
7.13025  -12.1673
7.1335  -12.1672
7.13675  -12.1672
7.14  -12.1672
7.14325  -12.1672
7.1465  -12.1672
7.14975  -12.1672
7.153  -12.1672
7.15625  -12.1671
7.1595  -12.1671
7.16275  -12.1671
7.166  -12.1671
7.16925  -12.1671
7.1725  -12.1671
7.17575  -12.1671
7.179  -12.167
7.18225  -12.167
7.1855  -12.167
7.18875  -12.167
7.192  -12.167
7.19525  -12.167
7.1985  -12.167
7.20175  -12.167
7.205  -12.167
7.20825  -12.1669
7.2115  -12.1669
7.21475  -12.1669
7.218  -12.1669
7.22125  -12.1669
7.2245  -12.1669
7.22775  -12.1669
7.231  -12.1669
7.23425  -12.1669
7.2375  -12.1669
7.24075  -12.1668
7.244  -12.1668
7.24725  -12.1668
7.2505  -12.1668
7.25375  -12.1668
7.257  -12.1668
7.26025  -12.1668
7.2635  -12.1668
7.26675  -12.1668
7.27  -12.1668
7.27325  -12.1668
7.2765  -12.1668
7.27975  -12.1668
7.283  -12.1667
7.28625  -12.1667
7.2895  -12.1667
7.29275  -12.1667
7.296  -12.1667
7.29925  -12.1667
7.3025  -12.1667
7.30575  -12.1667
7.309  -12.1667
7.31225  -12.1667
7.3155  -12.1667
7.31875  -12.1667
7.322  -12.1667
7.32525  -12.1667
7.3285  -12.1667
7.33175  -12.1667
7.335  -12.1667
7.33825  -12.1667
7.3415  -12.1667
7.34475  -12.1667
7.348  -12.1667
7.35125  -12.1667
7.3545  -12.1667
7.35775  -12.1667
7.361  -12.1667
7.36425  -12.1667
7.3675  -12.1667
7.37075  -12.1667
7.374  -12.1667
7.37725  -12.167
7.3805  -12.1674
7.38375  -12.1678
7.387  -12.1682
7.39025  -12.1686
7.3935  -12.1691
7.39675  -12.1695
7.4  -12.1699
7.40325  -12.1703
7.4065  -12.1707
7.40975  -12.1712
7.413  -12.1716
7.41625  -12.172
7.4195  -12.1725
7.42275  -12.1729
7.426  -12.1733
7.42925  -12.1737
7.4325  -12.1742
7.43575  -12.1746
7.439  -12.175
7.44225  -12.1755
7.4455  -12.1759
7.44875  -12.1763
7.452  -12.1768
7.45525  -12.1772
7.4585  -12.1777
7.46175  -12.1781
7.465  -12.1785
7.46825  -12.179
7.4715  -12.1794
7.47475  -12.1799
7.478  -12.1803
7.48125  -12.1808
7.4845  -12.1812
7.48775  -12.1816
7.491  -12.1821
7.49425  -12.1825
7.4975  -12.183
7.50075  -12.1834
7.504  -12.1839
7.50725  -12.1843
7.5105  -12.1848
7.51375  -12.1852
7.517  -12.1857
7.52025  -12.1862
7.5235  -12.1866
7.52675  -12.1871
7.53  -12.1875
7.53325  -12.188
7.5365  -12.1884
7.53975  -12.1889
7.543  -12.1894
7.54625  -12.1898
7.5495  -12.1903
7.55275  -12.1908
7.556  -12.1912
7.55925  -12.1917
7.5625  -12.1922
7.56575  -12.1926
7.569  -12.1931
7.57225  -12.1936
7.5755  -12.194
7.57875  -12.1945
7.582  -12.195
7.58525  -12.1955
7.5885  -12.1959
7.59175  -12.1964
7.595  -12.1969
7.59825  -12.1974
7.6015  -12.1978
7.60475  -12.1983
7.608  -12.1988
7.61125  -12.1993
7.6145  -12.1998
7.61775  -12.2002
7.621  -12.2007
7.62425  -12.2012
7.6275  -12.2013
7.63075  -12.2013
7.634  -12.2013
7.63725  -12.2013
7.6405  -12.2013
7.64375  -12.2013
7.647  -12.2013
7.65025  -12.2013
7.6535  -12.2013
7.65675  -12.2013
7.66  -12.2013
7.66325  -12.2013
7.6665  -12.2013
7.66975  -12.2013
7.673  -12.2013
7.67625  -12.2013
7.6795  -12.2013
7.68275  -12.2013
7.686  -12.2013
7.68925  -12.2013
7.6925  -12.2013
7.69575  -12.2013
7.699  -12.2013
7.70225  -12.2013
7.7055  -12.2013
7.70875  -12.2013
7.712  -12.2013
7.71525  -12.2013
7.7185  -12.2013
7.72175  -12.2013
7.725  -12.2013
7.72825  -12.2013
7.7315  -12.2013
7.73475  -12.2013
7.738  -12.2013
7.74125  -12.2013
7.7445  -12.2013
7.74775  -12.2013
7.751  -12.2013
7.75425  -12.2013
7.7575  -12.2014
7.76075  -12.2014
7.764  -12.2014
7.76725  -12.2014
7.7705  -12.2014
7.77375  -12.2014
7.777  -12.2014
7.78025  -12.2014
7.7835  -12.2014
7.78675  -12.2014
7.79  -12.2014
7.79325  -12.2014
7.7965  -12.2014
7.79975  -12.2014
7.803  -12.2014
7.80625  -12.2014
7.8095  -12.2014
7.81275  -12.2014
7.816  -12.2015
7.81925  -12.2015
7.8225  -12.2015
7.82575  -12.2015
7.829  -12.2015
7.83225  -12.2015
7.8355  -12.2015
7.83875  -12.2015
7.842  -12.2015
7.84525  -12.2015
7.8485  -12.2015
7.85175  -12.2015
7.855  -12.2015
7.85825  -12.2016
7.8615  -12.2016
7.86475  -12.2016
7.868  -12.2016
7.87125  -12.2016
7.8745  -12.2016
7.87775  -12.2018
7.881  -12.2021
7.88425  -12.2023
7.8875  -12.2026
7.89075  -12.2029
7.894  -12.2031
7.89725  -12.2034
7.9005  -12.2037
7.90375  -12.2039
7.907  -12.2042
7.91025  -12.2044
7.9135  -12.2047
7.91675  -12.205
7.92  -12.2052
7.92325  -12.2055
7.9265  -12.2058
7.92975  -12.206
7.933  -12.2063
7.93625  -12.2066
7.9395  -12.2068
7.94275  -12.2071
7.946  -12.2074
7.94925  -12.2077
7.9525  -12.2079
7.95575  -12.2082
7.959  -12.2085
7.96225  -12.2087
7.9655  -12.209
7.96875  -12.2093
7.972  -12.2096
7.97525  -12.2098
7.9785  -12.2101
7.98175  -12.2104
7.985  -12.2106
7.98825  -12.2109
7.9915  -12.2112
7.99475  -12.2115
7.998  -12.2117
8.00125  -12.212
8.0045  -12.2123
8.00775  -12.2126
8.011  -12.2129
8.01425  -12.2131
8.0175  -12.2134
8.02075  -12.2137
8.024  -12.214
8.02725  -12.2143
8.0305  -12.2145
8.03375  -12.2148
8.037  -12.2151
8.04025  -12.2154
8.0435  -12.2157
8.04675  -12.2159
8.05  -12.2162
8.05325  -12.2165
8.0565  -12.2168
8.05975  -12.2171
8.063  -12.2174
8.06625  -12.2176
8.0695  -12.2179
8.07275  -12.2182
8.076  -12.2185
8.07925  -12.2188
8.0825  -12.2191
8.08575  -12.2194
8.089  -12.2197
8.09225  -12.2199
8.0955  -12.2202
8.09875  -12.2205
8.102  -12.2208
8.10525  -12.2211
8.1085  -12.2214
8.11175  -12.2217
8.115  -12.222
8.11825  -12.2223
8.1215  -12.2226
8.12475  -12.2229
8.128  -12.2227
8.13125  -12.2226
8.1345  -12.2224
8.13775  -12.2223
8.141  -12.2221
8.14425  -12.222
8.1475  -12.2218
8.15075  -12.2217
8.154  -12.2215
8.15725  -12.2214
8.1605  -12.2213
8.16375  -12.2211
8.167  -12.221
8.17025  -12.2208
8.1735  -12.2207
8.17675  -12.2205
8.18  -12.2204
8.18325  -12.2202
8.1865  -12.2201
8.18975  -12.2199
8.193  -12.2198
8.19625  -12.2196
8.1995  -12.2195
8.20275  -12.2193
8.206  -12.2192
8.20925  -12.219
8.2125  -12.2189
8.21575  -12.2187
8.219  -12.2186
8.22225  -12.2185
8.2255  -12.2183
8.22875  -12.2182
8.232  -12.218
8.23525  -12.2179
8.2385  -12.2177
8.24175  -12.2176
8.245  -12.2174
8.24825  -12.2173
8.2515  -12.2171
8.25475  -12.217
8.258  -12.2168
8.26125  -12.2167
8.2645  -12.2166
8.26775  -12.2164
8.271  -12.2163
8.27425  -12.2161
8.2775  -12.216
8.28075  -12.2158
8.284  -12.2157
8.28725  -12.2155
8.2905  -12.2154
8.29375  -12.2153
8.297  -12.2151
8.30025  -12.215
8.3035  -12.2148
8.30675  -12.2147
8.31  -12.2145
8.31325  -12.2144
8.3165  -12.2143
8.31975  -12.2141
8.323  -12.214
8.32625  -12.2138
8.3295  -12.2137
8.33275  -12.2135
8.336  -12.2134
8.33925  -12.2133
8.3425  -12.2131
8.34575  -12.213
8.349  -12.2128
8.35225  -12.2127
8.3555  -12.2126
8.35875  -12.2124
8.362  -12.2123
8.36525  -12.2121
8.3685  -12.212
8.37175  -12.2118
8.375  -12.2117
8.37825  -12.2119
8.3815  -12.2121
8.38475  -12.2123
8.388  -12.2124
8.39125  -12.2126
8.3945  -12.2128
8.39775  -12.213
8.401  -12.2132
8.40425  -12.2134
8.4075  -12.2136
8.41075  -12.2138
8.414  -12.214
8.41725  -12.2141
8.4205  -12.2143
8.42375  -12.2145
8.427  -12.2147
8.43025  -12.2149
8.4335  -12.2151
8.43675  -12.2153
8.44  -12.2155
8.44325  -12.2157
8.4465  -12.2159
8.44975  -12.2161
8.453  -12.2162
8.45625  -12.2164
8.4595  -12.2166
8.46275  -12.2168
8.466  -12.217
8.46925  -12.2172
8.4725  -12.2174
8.47575  -12.2176
8.479  -12.2178
8.48225  -12.218
8.4855  -12.2182
8.48875  -12.2184
8.492  -12.2186
8.49525  -12.2188
8.4985  -12.219
8.50175  -12.2192
8.505  -12.2194
8.50825  -12.2196
8.5115  -12.2198
8.51475  -12.22
8.518  -12.2202
8.52125  -12.2203
8.5245  -12.2205
8.52775  -12.2207
8.531  -12.2209
8.53425  -12.2211
8.5375  -12.2213
8.54075  -12.2215
8.544  -12.2217
8.54725  -12.2219
8.5505  -12.2221
8.55375  -12.2223
8.557  -12.2225
8.56025  -12.2227
8.5635  -12.2229
8.56675  -12.2231
8.57  -12.2234
8.57325  -12.2236
8.5765  -12.2238
8.57975  -12.224
8.583  -12.2242
8.58625  -12.2244
8.5895  -12.2246
8.59275  -12.2248
8.596  -12.225
8.59925  -12.2252
8.6025  -12.2254
8.60575  -12.2256
8.609  -12.2258
8.61225  -12.226
8.6155  -12.2262
8.61875  -12.2264
8.622  -12.2266
8.62525  -12.2268
8.6285  -12.2269
8.63175  -12.2271
8.635  -12.2272
8.63825  -12.2273
8.6415  -12.2274
8.64475  -12.2276
8.648  -12.2277
8.65125  -12.2278
8.6545  -12.2279
8.65775  -12.2281
8.661  -12.2282
8.66425  -12.2283
8.6675  -12.2284
8.67075  -12.2286
8.674  -12.2287
8.67725  -12.2288
8.6805  -12.2289
8.68375  -12.2291
8.687  -12.2292
8.69025  -12.2293
8.6935  -12.2294
8.69675  -12.2296
8.7  -12.2297
8.70325  -12.2298
8.7065  -12.23
8.70975  -12.2301
8.713  -12.2302
8.71625  -12.2303
8.7195  -12.2305
8.72275  -12.2306
8.726  -12.2307
8.72925  -12.2309
8.7325  -12.231
8.73575  -12.2311
8.739  -12.2312
8.74225  -12.2314
8.7455  -12.2315
8.74875  -12.2316
8.752  -12.2318
8.75525  -12.2319
8.7585  -12.232
8.76175  -12.2322
8.765  -12.2323
8.76825  -12.2324
8.7715  -12.2325
8.77475  -12.2327
8.778  -12.2328
8.78125  -12.2329
8.7845  -12.2331
8.78775  -12.2332
8.791  -12.2333
8.79425  -12.2335
8.7975  -12.2336
8.80075  -12.2337
8.804  -12.2339
8.80725  -12.234
8.8105  -12.2341
8.81375  -12.2343
8.817  -12.2344
8.82025  -12.2345
8.8235  -12.2347
8.82675  -12.2348
8.83  -12.2349
8.83325  -12.2351
8.8365  -12.2352
8.83975  -12.2353
8.843  -12.2355
8.84625  -12.2356
8.8495  -12.2357
8.85275  -12.2359
8.856  -12.236
8.85925  -12.2362
8.8625  -12.2363
8.86575  -12.2364
8.869  -12.2366
8.87225  -12.2367
8.8755  -12.2369
8.87875  -12.2372
8.882  -12.2375
8.88525  -12.2378
8.8885  -12.2381
8.89175  -12.2384
8.895  -12.2387
8.89825  -12.239
8.9015  -12.2393
8.90475  -12.2397
8.908  -12.24
8.91125  -12.2403
8.9145  -12.2406
8.91775  -12.2409
8.921  -12.2412
8.92425  -12.2415
8.9275  -12.2418
8.93075  -12.2422
8.934  -12.2425
8.93725  -12.2428
8.9405  -12.2431
8.94375  -12.2434
8.947  -12.2437
8.95025  -12.2441
8.9535  -12.2444
8.95675  -12.2447
8.96  -12.245
8.96325  -12.2453
8.9665  -12.2456
8.96975  -12.246
8.973  -12.2463
8.97625  -12.2466
8.9795  -12.2469
8.98275  -12.2472
8.986  -12.2476
8.98925  -12.2479
8.9925  -12.2482
8.99575  -12.2485
8.999  -12.2489
9.00225  -12.2492
9.0055  -12.2495
9.00875  -12.2498
9.012  -12.2502
9.01525  -12.2505
9.0185  -12.2508
9.02175  -12.2511
9.025  -12.2515
9.02825  -12.2518
9.0315  -12.2521
9.03475  -12.2524
9.038  -12.2528
9.04125  -12.2531
9.0445  -12.2534
9.04775  -12.2538
9.051  -12.2541
9.05425  -12.2544
9.0575  -12.2548
9.06075  -12.2551
9.064  -12.2554
9.06725  -12.2558
9.0705  -12.2561
9.07375  -12.2564
9.077  -12.2568
9.08025  -12.2571
9.0835  -12.2574
9.08675  -12.2578
9.09  -12.2581
9.09325  -12.2584
9.0965  -12.2588
9.09975  -12.2591
9.103  -12.2594
9.10625  -12.2598
9.1095  -12.2601
9.11275  -12.2604
9.116  -12.2608
9.11925  -12.2611
9.1225  -12.2615
9.12575  -12.2617
9.129  -12.2615
9.13225  -12.2614
9.1355  -12.2612
9.13875  -12.261
9.142  -12.2609
9.14525  -12.2607
9.1485  -12.2606
9.15175  -12.2604
9.155  -12.2602
9.15825  -12.2601
9.1615  -12.2599
9.16475  -12.2597
9.168  -12.2596
9.17125  -12.2594
9.1745  -12.2593
9.17775  -12.2591
9.181  -12.2589
9.18425  -12.2588
9.1875  -12.2586
9.19075  -12.2585
9.194  -12.2583
9.19725  -12.2581
9.2005  -12.258
9.20375  -12.2578
9.207  -12.2576
9.21025  -12.2575
9.2135  -12.2573
9.21675  -12.2572
9.22  -12.257
9.22325  -12.2568
9.2265  -12.2567
9.22975  -12.2565
9.233  -12.2564
9.23625  -12.2562
9.2395  -12.256
9.24275  -12.2559
9.246  -12.2557
9.24925  -12.2556
9.2525  -12.2554
9.25575  -12.2552
9.259  -12.2551
9.26225  -12.2549
9.2655  -12.2548
9.26875  -12.2546
9.272  -12.2544
9.27525  -12.2543
9.2785  -12.2541
9.28175  -12.254
9.285  -12.2538
9.28825  -12.2537
9.2915  -12.2535
9.29475  -12.2533
9.298  -12.2532
9.30125  -12.253
9.3045  -12.2529
9.30775  -12.2527
9.311  -12.2525
9.31425  -12.2524
9.3175  -12.2522
9.32075  -12.2521
9.324  -12.2519
9.32725  -12.2518
9.3305  -12.2516
9.33375  -12.2514
9.337  -12.2513
9.34025  -12.2511
9.3435  -12.251
9.34675  -12.2508
9.35  -12.2507
9.35325  -12.2505
9.3565  -12.2503
9.35975  -12.2502
9.363  -12.25
9.36625  -12.2499
9.3695  -12.2497
9.37275  -12.2496
9.376  -12.2495
9.37925  -12.2495
9.3825  -12.2495
9.38575  -12.2495
9.389  -12.2496
9.39225  -12.2496
9.3955  -12.2496
9.39875  -12.2496
9.402  -12.2496
9.40525  -12.2497
9.4085  -12.2497
9.41175  -12.2497
9.415  -12.2497
9.41825  -12.2498
9.4215  -12.2498
9.42475  -12.2498
9.428  -12.2498
9.43125  -12.2499
9.4345  -12.2499
9.43775  -12.2499
9.441  -12.2499
9.44425  -12.2499
9.4475  -12.25
9.45075  -12.25
9.454  -12.25
9.45725  -12.25
9.4605  -12.2501
9.46375  -12.2501
9.467  -12.2501
9.47025  -12.2501
9.4735  -12.2502
9.47675  -12.2502
9.48  -12.2502
9.48325  -12.2502
9.4865  -12.2503
9.48975  -12.2503
9.493  -12.2503
9.49625  -12.2503
9.4995  -12.2504
9.50275  -12.2504
9.506  -12.2504
9.50925  -12.2504
9.5125  -12.2505
9.51575  -12.2505
9.519  -12.2505
9.52225  -12.2505
9.5255  -12.2506
9.52875  -12.2506
9.532  -12.2506
9.53525  -12.2506
9.5385  -12.2507
9.54175  -12.2507
9.545  -12.2507
9.54825  -12.2508
9.5515  -12.2508
9.55475  -12.2508
9.558  -12.2508
9.56125  -12.2509
9.5645  -12.2509
9.56775  -12.2509
9.571  -12.2509
9.57425  -12.251
9.5775  -12.251
9.58075  -12.251
9.584  -12.251
9.58725  -12.2511
9.5905  -12.2511
9.59375  -12.2511
9.597  -12.2512
9.60025  -12.2512
9.6035  -12.2512
9.60675  -12.2512
9.61  -12.2513
9.61325  -12.2513
9.6165  -12.2513
9.61975  -12.2513
9.623  -12.2514
9.62625  -12.2514
9.6295  -12.2515
9.63275  -12.2516
9.636  -12.2516
9.63925  -12.2517
9.6425  -12.2518
9.64575  -12.2519
9.649  -12.252
9.65225  -12.252
9.6555  -12.2521
9.65875  -12.2522
9.662  -12.2523
9.66525  -12.2523
9.6685  -12.2524
9.67175  -12.2525
9.675  -12.2526
9.67825  -12.2527
9.6815  -12.2527
9.68475  -12.2528
9.688  -12.2529
9.69125  -12.253
9.6945  -12.253
9.69775  -12.2531
9.701  -12.2532
9.70425  -12.2533
9.7075  -12.2534
9.71075  -12.2534
9.714  -12.2535
9.71725  -12.2536
9.7205  -12.2537
9.72375  -12.2538
9.727  -12.2538
9.73025  -12.2539
9.7335  -12.254
9.73675  -12.2541
9.74  -12.2541
9.74325  -12.2542
9.7465  -12.2543
9.74975  -12.2544
9.753  -12.2545
9.75625  -12.2545
9.7595  -12.2546
9.76275  -12.2547
9.766  -12.2548
9.76925  -12.2549
9.7725  -12.2549
9.77575  -12.255
9.779  -12.2551
9.78225  -12.2552
9.7855  -12.2553
9.78875  -12.2554
9.792  -12.2554
9.79525  -12.2555
9.7985  -12.2556
9.80175  -12.2557
9.805  -12.2558
9.80825  -12.2558
9.8115  -12.2559
9.81475  -12.256
9.818  -12.2561
9.82125  -12.2562
9.8245  -12.2562
9.82775  -12.2563
9.831  -12.2564
9.83425  -12.2565
9.8375  -12.2566
9.84075  -12.2567
9.844  -12.2567
9.84725  -12.2568
9.8505  -12.2569
9.85375  -12.257
9.857  -12.2571
9.86025  -12.2572
9.8635  -12.2572
9.86675  -12.2573
9.87  -12.2574
9.87325  -12.2575
9.8765  -12.2577
9.87975  -12.2581
9.883  -12.2584
9.88625  -12.2588
9.8895  -12.2592
9.89275  -12.2595
9.896  -12.2599
9.89925  -12.2603
9.9025  -12.2606
9.90575  -12.261
9.909  -12.2614
9.91225  -12.2617
9.9155  -12.2621
9.91875  -12.2625
9.922  -12.2628
9.92525  -12.2632
9.9285  -12.2636
9.93175  -12.2639
9.935  -12.2643
9.93825  -12.2647
9.9415  -12.2651
9.94475  -12.2654
9.948  -12.2658
9.95125  -12.2662
9.9545  -12.2666
9.95775  -12.2669
9.961  -12.2673
9.96425  -12.2677
9.9675  -12.2681
9.97075  -12.2684
9.974  -12.2688
9.97725  -12.2692
9.9805  -12.2696
9.98375  -12.2699
9.987  -12.2703
9.99025  -12.2707
9.9935  -12.2711
9.99675  -12.2715
