0.25  -11.9928
0.25325  -11.9435
0.2565  -11.8589
0.25975  -11.7687
0.263  -11.6894
0.26625  -11.6277
0.2695  -11.5851
0.27275  -11.5613
0.276  -11.5554
0.27925  -11.5662
0.2825  -11.5929
0.28575  -11.6343
0.289  -11.6891
0.29225  -11.7557
0.2955  -11.8307
0.29875  -11.909
0.302  -11.982
0.30525  -12.0382
0.3085  -12.0658
0.31175  -12.0594
0.315  -12.0228
0.31825  -11.9665
0.3215  -11.9017
0.32475  -11.8366
0.328  -11.7762
0.33125  -11.723
0.3345  -11.678
0.33775  -11.6414
0.341  -11.6131
0.34425  -11.5927
0.3475  -11.58
0.35075  -11.5744
0.354  -11.5757
0.35725  -11.5835
0.3605  -11.5975
0.36375  -11.6174
0.367  -11.643
0.37025  -11.6739
0.3735  -11.7099
0.37675  -11.75
0.38  -11.7938
0.38325  -11.8411
0.3865  -11.8909
0.38975  -11.9417
0.393  -11.9916
0.39625  -12.0381
0.3995  -12.0782
0.40275  -12.1089
0.406  -12.1273
0.40925  -12.132
0.4125  -12.1228
0.41575  -12.1014
0.419  -12.0702
0.42225  -12.0323
0.4255  -11.9904
0.42875  -11.9468
0.432  -11.9033
0.43525  -11.861
0.4385  -11.8208
0.44175  -11.7831
0.445  -11.7482
0.44825  -11.7163
0.4515  -11.6874
0.45475  -11.6615
0.458  -11.6384
0.46125  -11.6181
0.4645  -11.6005
0.46775  -11.5855
0.471  -11.573
0.47425  -11.5629
0.4775  -11.5551
0.48075  -11.5494
0.484  -11.5459
0.48725  -11.5444
0.4905  -11.5449
0.49375  -11.5473
0.497  -11.5515
0.50025  -11.5574
0.5035  -11.5651
0.50675  -11.5745
0.51  -11.5855
0.51325  -11.5981
0.5165  -11.6122
0.51975  -11.6279
0.523  -11.645
0.52625  -11.6635
0.5295  -11.6834
0.53275  -11.7046
0.536  -11.7271
0.53925  -11.7508
0.5425  -11.7757
0.54575  -11.8016
0.549  -11.8285
0.55225  -11.8562
0.5555  -11.8845
0.55875  -11.9134
0.562  -11.9425
0.56525  -11.9717
0.5685  -12.0006
0.57175  -12.0288
0.575  -12.056
0.57825  -12.0817
0.5815  -12.1055
0.58475  -12.1269
0.588  -12.1454
0.59125  -12.1605
0.5945  -12.1719
0.59775  -12.1793
0.601  -12.1826
0.60425  -12.1817
0.6075  -12.1768
0.61075  -12.1681
0.614  -12.1559
0.61725  -12.1407
0.6205  -12.123
0.62375  -12.1032
0.627  -12.0821
0.63025  -12.06
0.6335  -12.0371
0.63675  -12.0135
0.64  -11.9897
0.64325  -11.9658
0.6465  -11.9421
0.64975  -11.9187
0.653  -11.8956
0.65625  -11.8731
0.6595  -11.8512
0.66275  -11.8299
0.666  -11.8093
0.66925  -11.7894
0.6725  -11.7702
0.67575  -11.7517
0.679  -11.734
0.68225  -11.717
0.6855  -11.7007
0.68875  -11.6851
0.692  -11.6703
0.69525  -11.6561
0.6985  -11.6425
0.70175  -11.6296
0.705  -11.6174
0.70825  -11.6058
0.7115  -11.5947
0.71475  -11.5843
0.718  -11.5744
0.72125  -11.5651
0.7245  -11.5563
0.72775  -11.548
0.731  -11.5403
0.73425  -11.533
0.7375  -11.5262
0.74075  -11.5199
0.744  -11.514
0.74725  -11.5086
0.7505  -11.5036
0.75375  -11.499
0.757  -11.4948
0.76025  -11.491
0.7635  -11.4876
0.76675  -11.4845
0.77  -11.4819
0.77325  -11.4795
0.7765  -11.4776
0.77975  -11.4759
0.783  -11.4746
0.78625  -11.4736
0.7895  -11.473
0.79275  -11.4726
0.796  -11.4726
0.79925  -11.4728
0.8025  -11.4733
0.80575  -11.4741
0.809  -11.4752
0.81225  -11.4765
0.8155  -11.4782
0.81875  -11.48
0.822  -11.4822
0.82525  -11.4845
0.8285  -11.4872
0.83175  -11.49
0.835  -11.4931
0.83825  -11.4965
0.8415  -11.5
0.84475  -11.5038
0.848  -11.5078
0.85125  -11.5121
0.8545  -11.5165
0.85775  -11.5212
0.861  -11.526
0.86425  -11.5311
0.8675  -11.5364
0.87075  -11.5419
0.874  -11.5475
0.87725  -11.5537
0.8805  -11.5601
0.88375  -11.5667
0.887  -11.5735
0.89025  -11.5805
0.8935  -11.5877
0.89675  -11.595
0.9  -11.6025
0.90325  -11.6102
0.9065  -11.6181
0.90975  -11.6261
0.913  -11.6343
0.91625  -11.6427
0.9195  -11.6512
0.92275  -11.6599
0.926  -11.6687
0.92925  -11.6777
0.9325  -11.6869
0.93575  -11.6962
0.939  -11.7056
0.94225  -11.7152
0.9455  -11.725
0.94875  -11.7349
0.952  -11.7449
0.95525  -11.7551
0.9585  -11.7654
0.96175  -11.7758
0.965  -11.7864
0.96825  -11.7971
0.9715  -11.8079
0.97475  -11.8188
0.978  -11.8298
0.98125  -11.841
0.9845  -11.8522
0.98775  -11.8636
0.991  -11.875
0.99425  -11.8866
0.9975  -11.8982
1.00075  -11.9099
1.004  -11.9216
1.00725  -11.9334
1.0105  -11.9453
1.01375  -11.9572
1.017  -11.9692
1.02025  -11.9811
1.0235  -11.9931
1.02675  -12.0051
1.03  -12.0171
1.03325  -12.0291
1.0365  -12.041
1.03975  -12.0529
1.043  -12.0648
1.04625  -12.0765
1.0495  -12.0882
1.05275  -12.0997
1.056  -12.1112
1.05925  -12.1224
1.0625  -12.1336
1.06575  -12.1445
1.069  -12.1552
1.07225  -12.1657
1.0755  -12.176
1.07875  -12.186
1.082  -12.1956
1.08525  -12.205
1.0885  -12.214
1.09175  -12.2227
1.095  -12.231
1.09825  -12.2389
1.1015  -12.2463
1.10475  -12.2534
1.108  -12.2599
1.11125  -12.266
1.1145  -12.2715
1.11775  -12.2766
1.121  -12.2811
1.12425  -12.2851
1.1275  -12.2889
1.13075  -12.2922
1.134  -12.295
1.13725  -12.2972
1.1405  -12.2988
1.14375  -12.2999
1.147  -12.3004
1.15025  -12.3004
1.1535  -12.2999
1.15675  -12.2988
1.16  -12.2972
1.16325  -12.2951
1.1665  -12.2925
1.16975  -12.2894
1.173  -12.2859
1.17625  -12.2819
1.1795  -12.2776
1.18275  -12.2728
1.186  -12.2677
1.18925  -12.2622
1.1925  -12.2564
1.19575  -12.2503
1.199  -12.2439
1.20225  -12.2373
1.2055  -12.2304
1.20875  -12.2233
1.212  -12.216
1.21525  -12.2085
1.2185  -12.2008
1.22175  -12.193
1.225  -12.185
1.22825  -12.177
1.2315  -12.1688
1.23475  -12.1606
1.238  -12.1523
1.24125  -12.1439
1.2445  -12.1355
1.24775  -12.127
1.251  -12.1185
1.25425  -12.11
1.2575  -12.1015
1.26075  -12.093
1.264  -12.0845
1.26725  -12.076
1.2705  -12.0675
1.27375  -12.059
1.277  -12.0506
1.28025  -12.0423
1.2835  -12.0339
1.28675  -12.0256
1.29  -12.0174
1.29325  -12.0092
1.2965  -12.0011
1.29975  -11.993
1.303  -11.985
1.30625  -11.9771
1.3095  -11.9692
1.31275  -11.9614
1.316  -11.9536
1.31925  -11.946
1.3225  -11.9384
1.32575  -11.9309
1.329  -11.9234
1.33225  -11.916
1.3355  -11.9087
1.33875  -11.9015
1.342  -11.8944
1.34525  -11.8873
1.3485  -11.8803
1.35175  -11.8734
1.355  -11.8666
1.35825  -11.8598
1.3615  -11.8531
1.36475  -11.8465
1.368  -11.84
1.37125  -11.8335
1.3745  -11.8271
1.37775  -11.821
1.381  -11.8149
1.38425  -11.809
1.3875  -11.8031
1.39075  -11.7973
1.394  -11.7915
1.39725  -11.7859
1.4005  -11.7803
1.40375  -11.7748
1.407  -11.7693
1.41025  -11.764
1.4135  -11.7587
1.41675  -11.7534
1.42  -11.7483
1.42325  -11.7432
1.4265  -11.7381
1.42975  -11.7332
1.433  -11.7283
1.43625  -11.7234
1.4395  -11.7187
1.44275  -11.714
1.446  -11.7093
1.44925  -11.7047
1.4525  -11.7002
1.45575  -11.6957
1.459  -11.6913
1.46225  -11.687
1.4655  -11.6827
1.46875  -11.6785
1.472  -11.6743
1.47525  -11.6702
1.4785  -11.6661
1.48175  -11.6621
1.485  -11.6581
1.48825  -11.6542
1.4915  -11.6503
1.49475  -11.6465
1.498  -11.6428
1.50125  -11.6391
1.5045  -11.6354
1.50775  -11.6318
1.511  -11.6282
1.51425  -11.6247
1.5175  -11.6212
1.52075  -11.6178
1.524  -11.6144
1.52725  -11.6111
1.5305  -11.6078
1.53375  -11.6046
1.537  -11.6014
1.54025  -11.5982
1.5435  -11.5951
1.54675  -11.592
1.55  -11.5889
1.55325  -11.5859
1.5565  -11.583
1.55975  -11.5801
1.563  -11.5772
1.56625  -11.5743
1.5695  -11.5715
1.57275  -11.5687
1.576  -11.566
1.57925  -11.5633
1.5825  -11.5606
1.58575  -11.558
1.589  -11.5554
1.59225  -11.5529
1.5955  -11.5503
1.59875  -11.5478
1.602  -11.5454
1.60525  -11.5429
1.6085  -11.5405
1.61175  -11.5382
1.615  -11.5358
1.61825  -11.5335
1.6215  -11.5313
1.62475  -11.529
1.628  -11.5265
1.63125  -11.5241
1.6345  -11.5216
1.63775  -11.5192
1.641  -11.5168
1.64425  -11.5144
1.6475  -11.5121
1.65075  -11.5098
1.654  -11.5075
1.65725  -11.5052
1.6605  -11.503
1.66375  -11.5008
1.667  -11.4986
1.67025  -11.4965
1.6735  -11.4943
1.67675  -11.4922
1.68  -11.4901
1.68325  -11.4881
1.6865  -11.486
1.68975  -11.484
1.693  -11.482
1.69625  -11.4801
1.6995  -11.4781
1.70275  -11.4762
1.706  -11.4743
1.70925  -11.4724
1.7125  -11.4705
1.71575  -11.4687
1.719  -11.4669
1.72225  -11.4651
1.7255  -11.4633
1.72875  -11.4616
1.732  -11.4598
1.73525  -11.4581
1.7385  -11.4564
1.74175  -11.4547
1.745  -11.4531
1.74825  -11.4514
1.7515  -11.4498
1.75475  -11.4482
1.758  -11.4466
1.76125  -11.445
1.7645  -11.4435
1.76775  -11.442
1.771  -11.4405
1.77425  -11.439
1.7775  -11.4375
1.78075  -11.436
1.784  -11.4346
1.78725  -11.4331
1.7905  -11.4317
1.79375  -11.4303
1.797  -11.429
1.80025  -11.4276
1.8035  -11.4262
1.80675  -11.4249
1.81  -11.4236
1.81325  -11.4223
1.8165  -11.421
1.81975  -11.4197
1.823  -11.4185
1.82625  -11.4172
1.8295  -11.416
1.83275  -11.4148
1.836  -11.4136
1.83925  -11.4124
1.8425  -11.4112
1.84575  -11.4101
1.849  -11.4089
1.85225  -11.4078
1.8555  -11.4067
1.85875  -11.4056
1.862  -11.4045
1.86525  -11.4034
1.8685  -11.4024
1.87175  -11.4013
1.875  -11.4003
1.87825  -11.3995
1.8815  -11.3987
1.88475  -11.3979
1.888  -11.3971
1.89125  -11.3963
1.8945  -11.3956
1.89775  -11.3948
1.901  -11.3941
1.90425  -11.3934
1.9075  -11.3926
1.91075  -11.3919
1.914  -11.3913
1.91725  -11.3906
1.9205  -11.3899
1.92375  -11.3893
1.927  -11.3886
1.93025  -11.388
1.9335  -11.3873
1.93675  -11.3867
1.94  -11.3861
1.94325  -11.3855
1.9465  -11.3849
1.94975  -11.3844
1.953  -11.3838
1.95625  -11.3832
1.9595  -11.3827
1.96275  -11.3822
1.966  -11.3816
1.96925  -11.3811
1.9725  -11.3806
1.97575  -11.3801
1.979  -11.3796
1.98225  -11.3791
1.9855  -11.3787
1.98875  -11.3782
1.992  -11.3777
1.99525  -11.3773
1.9985  -11.3769
2.00175  -11.3764
2.005  -11.376
2.00825  -11.3756
2.0115  -11.3752
2.01475  -11.3748
2.018  -11.3744
2.02125  -11.374
2.0245  -11.3736
2.02775  -11.3733
2.031  -11.3729
2.03425  -11.3726
2.0375  -11.3722
2.04075  -11.3719
2.044  -11.3716
2.04725  -11.3712
2.0505  -11.3709
2.05375  -11.3706
2.057  -11.3703
2.06025  -11.37
2.0635  -11.3697
2.06675  -11.3695
2.07  -11.3692
2.07325  -11.3689
2.0765  -11.3687
2.07975  -11.3684
2.083  -11.3682
2.08625  -11.3679
2.0895  -11.3677
2.09275  -11.3675
2.096  -11.3673
2.09925  -11.3671
2.1025  -11.3668
2.10575  -11.3666
2.109  -11.3664
2.11225  -11.3663
2.1155  -11.3661
2.11875  -11.3659
2.122  -11.3657
2.12525  -11.3656
2.1285  -11.3656
2.13175  -11.3657
2.135  -11.3657
2.13825  -11.3658
2.1415  -11.3659
2.14475  -11.3659
2.148  -11.366
2.15125  -11.3661
2.1545  -11.3662
2.15775  -11.3663
2.161  -11.3664
2.16425  -11.3665
2.1675  -11.3666
2.17075  -11.3667
2.174  -11.3668
2.17725  -11.3669
2.1805  -11.367
2.18375  -11.3672
2.187  -11.3673
2.19025  -11.3675
2.1935  -11.3676
2.19675  -11.3678
2.2  -11.3679
2.20325  -11.3681
2.2065  -11.3682
2.20975  -11.3684
2.213  -11.3686
2.21625  -11.3688
2.2195  -11.3689
2.22275  -11.3691
2.226  -11.3693
2.22925  -11.3695
2.2325  -11.3697
2.23575  -11.3699
2.239  -11.3701
2.24225  -11.3703
2.2455  -11.3706
2.24875  -11.3708
2.252  -11.371
2.25525  -11.3712
2.2585  -11.3715
2.26175  -11.3717
2.265  -11.372
2.26825  -11.3722
2.2715  -11.3724
2.27475  -11.3727
2.278  -11.373
2.28125  -11.3732
2.2845  -11.3735
2.28775  -11.3737
2.291  -11.374
2.29425  -11.3743
2.2975  -11.3746
2.30075  -11.3748
2.304  -11.3751
2.30725  -11.3754
2.3105  -11.3757
2.31375  -11.376
2.317  -11.3763
2.32025  -11.3766
2.3235  -11.3769
2.32675  -11.3772
2.33  -11.3775
2.33325  -11.3778
2.3365  -11.3782
2.33975  -11.3785
2.343  -11.3788
2.34625  -11.3791
2.3495  -11.3795
2.35275  -11.3798
2.356  -11.3801
2.35925  -11.3805
2.3625  -11.3808
2.36575  -11.3812
2.369  -11.3815
2.37225  -11.3819
2.3755  -11.3822
2.37875  -11.3824
2.382  -11.3826
2.38525  -11.3828
2.3885  -11.383
2.39175  -11.3832
2.395  -11.3835
2.39825  -11.3837
2.4015  -11.3839
2.40475  -11.3841
2.408  -11.3844
2.41125  -11.3846
2.4145  -11.3848
2.41775  -11.3851
2.421  -11.3853
2.42425  -11.3856
2.4275  -11.3858
2.43075  -11.386
2.434  -11.3863
2.43725  -11.3865
2.4405  -11.3868
2.44375  -11.3871
2.447  -11.3873
2.45025  -11.3876
2.4535  -11.3878
2.45675  -11.3881
2.46  -11.3884
2.46325  -11.3886
2.4665  -11.3889
2.46975  -11.3892
2.473  -11.3895
2.47625  -11.3897
2.4795  -11.39
2.48275  -11.3903
2.486  -11.3906
2.48925  -11.3909
2.4925  -11.3912
2.49575  -11.3915
2.499  -11.3918
2.50225  -11.3921
2.5055  -11.3924
2.50875  -11.3927
2.512  -11.393
2.51525  -11.3933
2.5185  -11.3936
2.52175  -11.3939
2.525  -11.3942
2.52825  -11.3945
2.5315  -11.3948
2.53475  -11.3951
2.538  -11.3954
2.54125  -11.3958
2.5445  -11.3961
2.54775  -11.3964
2.551  -11.3967
2.55425  -11.3971
2.5575  -11.3974
2.56075  -11.3977
2.564  -11.398
2.56725  -11.3984
2.5705  -11.3987
2.57375  -11.399
2.577  -11.3994
2.58025  -11.3997
2.5835  -11.4001
2.58675  -11.4004
2.59  -11.4007
2.59325  -11.4011
2.5965  -11.4014
2.59975  -11.4018
2.603  -11.4021
2.60625  -11.4025
2.6095  -11.4028
2.61275  -11.4032
2.616  -11.4036
2.61925  -11.4039
2.6225  -11.4043
2.62575  -11.4047
2.629  -11.4051
2.63225  -11.4056
2.6355  -11.4061
2.63875  -11.4065
2.642  -11.407
2.64525  -11.4075
2.6485  -11.408
2.65175  -11.4085
2.655  -11.4089
2.65825  -11.4094
2.6615  -11.4099
2.66475  -11.4104
2.668  -11.4109
2.67125  -11.4114
2.6745  -11.4119
2.67775  -11.4123
2.681  -11.4128
2.68425  -11.4133
2.6875  -11.4138
2.69075  -11.4143
2.694  -11.4148
2.69725  -11.4153
2.7005  -11.4158
2.70375  -11.4163
2.707  -11.4168
2.71025  -11.4173
2.7135  -11.4178
2.71675  -11.4183
2.72  -11.4188
2.72325  -11.4193
2.7265  -11.4198
2.72975  -11.4204
2.733  -11.4209
2.73625  -11.4214
2.7395  -11.4219
2.74275  -11.4224
2.746  -11.4229
2.74925  -11.4234
2.7525  -11.4239
2.75575  -11.4245
2.759  -11.425
2.76225  -11.4255
2.7655  -11.426
2.76875  -11.4265
2.772  -11.4271
2.77525  -11.4276
2.7785  -11.4281
2.78175  -11.4286
2.785  -11.4292
2.78825  -11.4297
2.7915  -11.4302
2.79475  -11.4308
2.798  -11.4313
2.80125  -11.4318
2.8045  -11.4324
2.80775  -11.4329
2.811  -11.4334
2.81425  -11.434
2.8175  -11.4345
2.82075  -11.435
2.824  -11.4356
2.82725  -11.4361
2.8305  -11.4366
2.83375  -11.4372
2.837  -11.4377
2.84025  -11.4383
2.8435  -11.4388
2.84675  -11.4394
2.85  -11.4399
2.85325  -11.4404
2.8565  -11.441
2.85975  -11.4415
2.863  -11.4421
2.86625  -11.4426
2.8695  -11.4432
2.87275  -11.4437
2.876  -11.4444
2.87925  -11.4454
2.8825  -11.4464
2.88575  -11.4474
2.889  -11.4484
2.89225  -11.4495
2.8955  -11.4505
2.89875  -11.4515
2.902  -11.4525
2.90525  -11.4535
2.9085  -11.4545
2.91175  -11.4555
2.915  -11.4566
2.91825  -11.4576
2.9215  -11.4586
2.92475  -11.4596
2.928  -11.4606
2.93125  -11.4617
2.9345  -11.4627
2.93775  -11.4637
2.941  -11.4647
2.94425  -11.4658
2.9475  -11.4668
2.95075  -11.4678
2.954  -11.4688
2.95725  -11.4699
2.9605  -11.4709
2.96375  -11.4719
2.967  -11.473
2.97025  -11.474
2.9735  -11.4751
2.97675  -11.4761
2.98  -11.4771
2.98325  -11.4782
2.9865  -11.4792
2.98975  -11.4803
2.993  -11.4813
2.99625  -11.4823
2.9995  -11.4834
3.00275  -11.4844
3.006  -11.4855
3.00925  -11.4865
3.0125  -11.4876
3.01575  -11.4886
3.019  -11.4897
3.02225  -11.4907
3.0255  -11.4918
3.02875  -11.4928
3.032  -11.4939
3.03525  -11.4949
3.0385  -11.496
3.04175  -11.4971
3.045  -11.4981
3.04825  -11.4992
3.0515  -11.5002
3.05475  -11.5013
3.058  -11.5024
3.06125  -11.5034
3.0645  -11.5045
3.06775  -11.5056
3.071  -11.5066
3.07425  -11.5077
3.0775  -11.5088
3.08075  -11.5098
3.084  -11.5109
3.08725  -11.512
3.0905  -11.513
3.09375  -11.5141
3.097  -11.5152
3.10025  -11.5163
3.1035  -11.5173
3.10675  -11.5184
3.11  -11.5195
3.11325  -11.5206
3.1165  -11.5216
3.11975  -11.5227
3.123  -11.5238
3.12625  -11.525
3.1295  -11.5263
3.13275  -11.5277
3.136  -11.529
3.13925  -11.5303
3.1425  -11.5317
3.14575  -11.533
3.149  -11.5344
3.15225  -11.5357
3.1555  -11.5371
3.15875  -11.5384
3.162  -11.5398
3.16525  -11.5412
3.1685  -11.5425
3.17175  -11.5439
3.175  -11.5452
3.17825  -11.5466
3.1815  -11.548
3.18475  -11.5493
3.188  -11.5507
3.19125  -11.5521
3.1945  -11.5534
3.19775  -11.5548
3.201  -11.5562
3.20425  -11.5575
3.2075  -11.5589
3.21075  -11.5603
3.214  -11.5617
3.21725  -11.5631
3.2205  -11.5644
3.22375  -11.5658
3.227  -11.5672
3.23025  -11.5686
3.2335  -11.57
3.23675  -11.5714
3.24  -11.5728
3.24325  -11.5742
3.2465  -11.5756
3.24975  -11.577
3.253  -11.5784
3.25625  -11.5798
3.2595  -11.5812
3.26275  -11.5826
3.266  -11.584
3.26925  -11.5854
3.2725  -11.5868
3.27575  -11.5882
3.279  -11.5896
3.28225  -11.591
3.2855  -11.5924
3.28875  -11.5938
3.292  -11.5952
3.29525  -11.5967
3.2985  -11.5981
3.30175  -11.5995
3.305  -11.6009
3.30825  -11.6024
3.3115  -11.6038
3.31475  -11.6052
3.318  -11.6066
3.32125  -11.6081
3.3245  -11.6095
3.32775  -11.6109
3.331  -11.6124
3.33425  -11.6138
3.3375  -11.6152
3.34075  -11.6167
3.344  -11.6181
3.34725  -11.6196
3.3505  -11.621
3.35375  -11.6225
3.357  -11.6239
3.36025  -11.6254
3.3635  -11.6268
3.36675  -11.6283
3.37  -11.6297
3.37325  -11.6312
3.3765  -11.6327
3.37975  -11.6341
3.383  -11.6356
3.38625  -11.6371
3.3895  -11.6386
3.39275  -11.64
3.396  -11.6415
3.39925  -11.643
3.4025  -11.6445
3.40575  -11.646
3.409  -11.6475
3.41225  -11.6489
3.4155  -11.6504
3.41875  -11.6519
3.422  -11.6534
3.42525  -11.6549
3.4285  -11.6564
3.43175  -11.6579
3.435  -11.6594
3.43825  -11.6609
3.4415  -11.6624
3.44475  -11.6639
3.448  -11.6654
3.45125  -11.6669
3.4545  -11.6684
3.45775  -11.67
3.461  -11.6715
3.46425  -11.673
3.4675  -11.6745
3.47075  -11.676
3.474  -11.6775
3.47725  -11.6791
3.4805  -11.6806
3.48375  -11.6821
3.487  -11.6837
3.49025  -11.6852
3.4935  -11.6867
3.49675  -11.6882
3.5  -11.6898
3.50325  -11.6913
3.5065  -11.6929
3.50975  -11.6944
3.513  -11.6959
3.51625  -11.6975
3.5195  -11.699
3.52275  -11.7006
3.526  -11.7021
3.52925  -11.7037
3.5325  -11.7052
3.53575  -11.7068
3.539  -11.7083
3.54225  -11.7099
3.5455  -11.7115
3.54875  -11.713
3.552  -11.7146
3.55525  -11.7162
3.5585  -11.7177
3.56175  -11.7193
3.565  -11.7209
3.56825  -11.7224
3.5715  -11.724
3.57475  -11.7256
3.578  -11.7272
3.58125  -11.7287
3.5845  -11.7303
3.58775  -11.7319
3.591  -11.7335
3.59425  -11.7351
3.5975  -11.7367
3.60075  -11.7383
3.604  -11.7399
3.60725  -11.7415
3.6105  -11.7431
3.61375  -11.7447
3.617  -11.7463
3.62025  -11.7479
3.6235  -11.7495
3.62675  -11.7512
3.63  -11.7529
3.63325  -11.7546
3.6365  -11.7563
3.63975  -11.7581
3.643  -11.7598
3.64625  -11.7615
3.6495  -11.7633
3.65275  -11.765
3.656  -11.7668
3.65925  -11.7685
3.6625  -11.7703
3.66575  -11.772
3.669  -11.7738
3.67225  -11.7756
3.6755  -11.7773
3.67875  -11.7791
3.682  -11.7809
3.68525  -11.7826
3.6885  -11.7844
3.69175  -11.7862
3.695  -11.788
3.69825  -11.7897
3.7015  -11.7915
3.70475  -11.7933
3.708  -11.7951
3.71125  -11.7969
3.7145  -11.7987
3.71775  -11.8005
3.721  -11.8023
3.72425  -11.8041
3.7275  -11.8059
3.73075  -11.8077
3.734  -11.8096
3.73725  -11.8114
3.7405  -11.8132
3.74375  -11.815
3.747  -11.8169
3.75025  -11.8187
3.7535  -11.8205
3.75675  -11.8224
3.76  -11.8242
3.76325  -11.8261
3.7665  -11.8279
3.76975  -11.8298
3.773  -11.8316
3.77625  -11.8335
3.7795  -11.8354
3.78275  -11.8372
3.786  -11.8391
3.78925  -11.841
3.7925  -11.8428
3.79575  -11.8447
3.799  -11.8466
3.80225  -11.8485
3.8055  -11.8504
3.80875  -11.8523
3.812  -11.8542
3.81525  -11.8561
3.8185  -11.858
3.82175  -11.8599
3.825  -11.8618
3.82825  -11.8637
3.8315  -11.8656
3.83475  -11.8676
3.838  -11.8695
3.84125  -11.8714
3.8445  -11.8734
3.84775  -11.8753
3.851  -11.8772
3.85425  -11.8792
3.8575  -11.8811
3.86075  -11.8831
3.864  -11.8851
3.86725  -11.887
3.8705  -11.889
3.87375  -11.891
3.877  -11.893
3.88025  -11.895
3.8835  -11.8971
3.88675  -11.8991
3.89  -11.9012
3.89325  -11.9032
3.8965  -11.9053
3.89975  -11.9074
3.903  -11.9094
3.90625  -11.9115
3.9095  -11.9136
3.91275  -11.9157
3.916  -11.9178
3.91925  -11.9199
3.9225  -11.922
3.92575  -11.9241
3.929  -11.9262
3.93225  -11.9283
3.9355  -11.9304
3.93875  -11.9326
3.942  -11.9347
3.94525  -11.9368
3.9485  -11.939
3.95175  -11.9411
3.955  -11.9433
3.95825  -11.9455
3.9615  -11.9476
3.96475  -11.9498
3.968  -11.952
3.97125  -11.9542
3.9745  -11.9564
3.97775  -11.9586
3.981  -11.9608
3.98425  -11.963
3.9875  -11.9652
3.99075  -11.9674
3.994  -11.9696
3.99725  -11.9719
4.0005  -11.9741
4.00375  -11.9764
4.007  -11.9786
4.01025  -11.9809
4.0135  -11.9831
4.01675  -11.9854
4.02  -11.9877
4.02325  -11.99
4.0265  -11.9923
4.02975  -11.9946
4.033  -11.9969
4.03625  -11.9992
4.0395  -12.0015
4.04275  -12.0038
4.046  -12.0062
4.04925  -12.0085
4.0525  -12.0109
4.05575  -12.0132
4.059  -12.0156
4.06225  -12.0179
4.0655  -12.0203
4.06875  -12.0227
4.072  -12.0251
4.07525  -12.0275
4.0785  -12.0299
4.08175  -12.0323
4.085  -12.0347
4.08825  -12.0372
4.0915  -12.0396
4.09475  -12.042
4.098  -12.0445
4.10125  -12.047
4.1045  -12.0494
4.10775  -12.0519
4.111  -12.0544
4.11425  -12.0569
4.1175  -12.0594
4.12075  -12.0619
4.124  -12.0644
4.12725  -12.0668
4.1305  -12.069
4.13375  -12.0713
4.137  -12.0735
4.14025  -12.0758
4.1435  -12.0781
4.14675  -12.0804
4.15  -12.0827
4.15325  -12.0849
4.1565  -12.0873
4.15975  -12.0896
4.163  -12.0919
4.16625  -12.0942
4.1695  -12.0965
4.17275  -12.0989
4.176  -12.1012
4.17925  -12.1036
4.1825  -12.1059
4.18575  -12.1083
4.189  -12.1107
4.19225  -12.113
4.1955  -12.1154
4.19875  -12.1178
4.202  -12.1202
4.20525  -12.1226
4.2085  -12.1251
4.21175  -12.1275
4.215  -12.1299
4.21825  -12.1323
4.2215  -12.1348
4.22475  -12.1372
4.228  -12.1397
4.23125  -12.1422
4.2345  -12.1447
4.23775  -12.1471
4.241  -12.1496
4.24425  -12.1521
4.2475  -12.1547
4.25075  -12.1572
4.254  -12.1597
4.25725  -12.1622
4.2605  -12.1648
4.26375  -12.1673
4.267  -12.1699
4.27025  -12.1725
4.2735  -12.1751
4.27675  -12.1777
4.28  -12.1803
4.28325  -12.1829
4.2865  -12.1855
4.28975  -12.1881
4.293  -12.1907
4.29625  -12.1934
4.2995  -12.196
4.30275  -12.1987
4.306  -12.2014
4.30925  -12.2041
4.3125  -12.2068
4.31575  -12.2095
4.319  -12.2122
4.32225  -12.2149
4.3255  -12.2177
4.32875  -12.2204
4.332  -12.2232
4.33525  -12.2259
4.3385  -12.2287
4.34175  -12.2315
4.345  -12.2343
4.34825  -12.2371
4.3515  -12.24
4.35475  -12.2428
4.358  -12.2456
4.36125  -12.2485
4.3645  -12.2514
4.36775  -12.2543
4.371  -12.2572
4.37425  -12.2601
4.3775  -12.2626
4.38075  -12.265
4.384  -12.2674
4.38725  -12.2698
4.3905  -12.2722
4.39375  -12.2746
4.397  -12.277
4.40025  -12.2795
4.4035  -12.2819
4.40675  -12.2844
4.41  -12.2868
4.41325  -12.2893
4.4165  -12.2918
4.41975  -12.2942
4.423  -12.2967
4.42625  -12.2992
4.4295  -12.3017
4.43275  -12.3043
4.436  -12.3068
4.43925  -12.3093
4.4425  -12.3119
4.44575  -12.3144
4.449  -12.317
4.45225  -12.3196
4.4555  -12.3222
4.45875  -12.3247
4.462  -12.3273
4.46525  -12.33
4.4685  -12.3326
4.47175  -12.3352
4.475  -12.3379
4.47825  -12.3405
4.4815  -12.3432
4.48475  -12.3458
4.488  -12.3485
4.49125  -12.3512
4.4945  -12.3539
4.49775  -12.3566
4.501  -12.3594
4.50425  -12.3621
4.5075  -12.3648
4.51075  -12.3676
4.514  -12.3704
4.51725  -12.3732
4.5205  -12.3759
4.52375  -12.3788
4.527  -12.3816
4.53025  -12.3844
4.5335  -12.3872
4.53675  -12.3901
4.54  -12.393
4.54325  -12.3958
4.5465  -12.3987
4.54975  -12.4016
4.553  -12.4045
4.55625  -12.4075
4.5595  -12.4104
4.56275  -12.4134
4.566  -12.4163
4.56925  -12.4193
4.5725  -12.4223
4.57575  -12.4253
4.579  -12.4283
4.58225  -12.4314
4.5855  -12.4344
4.58875  -12.4375
4.592  -12.4406
4.59525  -12.4437
4.5985  -12.4468
4.60175  -12.4499
4.605  -12.4531
4.60825  -12.4562
4.6115  -12.4594
4.61475  -12.4626
4.618  -12.4658
4.62125  -12.469
4.6245  -12.4722
4.62775  -12.4745
4.631  -12.4767
4.63425  -12.4788
4.6375  -12.481
4.64075  -12.4831
4.644  -12.4853
4.64725  -12.4874
4.6505  -12.4896
4.65375  -12.4918
4.657  -12.4939
4.66025  -12.4961
4.6635  -12.4983
4.66675  -12.5005
4.67  -12.5027
4.67325  -12.5049
4.6765  -12.5071
4.67975  -12.5094
4.683  -12.5116
4.68625  -12.5138
4.6895  -12.5161
4.69275  -12.5183
4.696  -12.5206
4.69925  -12.5228
4.7025  -12.5251
4.70575  -12.5274
4.709  -12.5297
4.71225  -12.532
4.7155  -12.5343
4.71875  -12.5366
4.722  -12.5389
4.72525  -12.5412
4.7285  -12.5435
4.73175  -12.5459
4.735  -12.5482
4.73825  -12.5505
4.7415  -12.5529
4.74475  -12.5553
4.748  -12.5576
4.75125  -12.56
4.7545  -12.5624
4.75775  -12.5648
4.761  -12.5672
4.76425  -12.5696
4.7675  -12.572
4.77075  -12.5745
4.774  -12.5769
4.77725  -12.5794
4.7805  -12.5818
4.78375  -12.5843
4.787  -12.5867
4.79025  -12.5892
4.7935  -12.5917
4.79675  -12.5942
4.8  -12.5967
4.80325  -12.5992
4.8065  -12.6018
4.80975  -12.6043
4.813  -12.6068
4.81625  -12.6094
4.8195  -12.612
4.82275  -12.6145
4.826  -12.6171
4.82925  -12.6197
4.8325  -12.6223
4.83575  -12.6249
4.839  -12.6275
4.84225  -12.6302
4.8455  -12.6328
4.84875  -12.6355
4.852  -12.6381
4.85525  -12.6408
4.8585  -12.6435
4.86175  -12.6462
4.865  -12.6489
4.86825  -12.6516
4.8715  -12.6543
4.87475  -12.6571
4.878  -12.6586
4.88125  -12.66
4.8845  -12.6613
4.88775  -12.6627
4.891  -12.6641
4.89425  -12.6655
4.8975  -12.6669
4.90075  -12.6682
4.904  -12.6696
4.90725  -12.671
4.9105  -12.6724
4.91375  -12.6738
4.917  -12.6752
4.92025  -12.6766
4.9235  -12.678
4.92675  -12.6794
4.93  -12.6808
4.93325  -12.6822
4.9365  -12.6836
4.93975  -12.685
4.943  -12.6864
4.94625  -12.6878
4.9495  -12.6892
4.95275  -12.6906
4.956  -12.692
4.95925  -12.6934
4.9625  -12.6948
4.96575  -12.6962
4.969  -12.6976
4.97225  -12.699
4.9755  -12.7004
4.97875  -12.7018
4.982  -12.7032
4.98525  -12.7047
4.9885  -12.7061
4.99175  -12.7075
4.995  -12.7089
4.99825  -12.7103
5.0015  -12.7117
5.00475  -12.7132
5.008  -12.7146
5.01125  -12.716
5.0145  -12.7174
5.01775  -12.7189
5.021  -12.7203
5.02425  -12.7217
5.0275  -12.7232
5.03075  -12.7246
5.034  -12.726
5.03725  -12.7275
5.0405  -12.7289
5.04375  -12.7303
5.047  -12.7318
5.05025  -12.7332
5.0535  -12.7347
5.05675  -12.7361
5.06  -12.7376
5.06325  -12.739
5.0665  -12.7404
5.06975  -12.7419
5.073  -12.7433
5.07625  -12.7448
5.0795  -12.7463
5.08275  -12.7477
5.086  -12.7492
5.08925  -12.7506
5.0925  -12.7521
5.09575  -12.7535
5.099  -12.755
5.10225  -12.7565
5.1055  -12.7579
5.10875  -12.7594
5.112  -12.7609
5.11525  -12.7623
5.1185  -12.7638
5.12175  -12.7653
5.125  -12.7667
5.12825  -12.7678
5.1315  -12.7689
5.13475  -12.77
5.138  -12.771
5.14125  -12.7721
5.1445  -12.7732
5.14775  -12.7743
5.151  -12.7754
5.15425  -12.7764
5.1575  -12.7775
5.16075  -12.7786
5.164  -12.7797
5.16725  -12.7808
5.1705  -12.7819
5.17375  -12.7829
5.177  -12.784
5.18025  -12.7851
5.1835  -12.7862
5.18675  -12.7873
5.19  -12.7884
5.19325  -12.7895
5.1965  -12.7906
5.19975  -12.7917
5.203  -12.7928
5.20625  -12.7939
5.2095  -12.795
5.21275  -12.7961
5.216  -12.7972
5.21925  -12.7983
5.2225  -12.7994
5.22575  -12.8005
5.229  -12.8016
5.23225  -12.8027
5.2355  -12.8038
5.23875  -12.8049
5.242  -12.806
5.24525  -12.8072
5.2485  -12.8083
5.25175  -12.8094
5.255  -12.8105
5.25825  -12.8116
5.2615  -12.8127
5.26475  -12.8139
5.268  -12.815
5.27125  -12.8161
5.2745  -12.8172
5.27775  -12.8183
5.281  -12.8195
5.28425  -12.8206
5.2875  -12.8217
5.29075  -12.8229
5.294  -12.824
5.29725  -12.8251
5.3005  -12.8263
5.30375  -12.8274
5.307  -12.8285
5.31025  -12.8297
5.3135  -12.8308
5.31675  -12.832
5.32  -12.8331
5.32325  -12.8342
5.3265  -12.8354
5.32975  -12.8365
5.333  -12.8377
5.33625  -12.8388
5.3395  -12.84
5.34275  -12.8411
5.346  -12.8423
5.34925  -12.8434
5.3525  -12.8446
5.35575  -12.8458
5.359  -12.8469
5.36225  -12.8481
5.3655  -12.8492
5.36875  -12.8504
5.372  -12.8516
5.37525  -12.8527
5.3785  -12.8533
5.38175  -12.8539
5.385  -12.8545
5.38825  -12.8551
5.3915  -12.8557
5.39475  -12.8563
5.398  -12.8569
5.40125  -12.8575
5.4045  -12.8581
5.40775  -12.8587
5.411  -12.8593
5.41425  -12.8599
5.4175  -12.8605
5.42075  -12.861
5.424  -12.8616
5.42725  -12.8622
5.4305  -12.8628
5.43375  -12.8634
5.437  -12.864
5.44025  -12.8646
5.4435  -12.8652
5.44675  -12.8658
5.45  -12.8664
5.45325  -12.867
5.4565  -12.8676
5.45975  -12.8682
5.463  -12.8688
5.46625  -12.8694
5.4695  -12.87
5.47275  -12.8706
5.476  -12.8712
5.47925  -12.8718
5.4825  -12.8724
5.48575  -12.873
5.489  -12.8736
5.49225  -12.8742
5.4955  -12.8747
5.49875  -12.8753
5.502  -12.8759
5.50525  -12.8765
5.5085  -12.8771
5.51175  -12.8777
5.515  -12.8783
5.51825  -12.8789
5.5215  -12.8795
5.52475  -12.8801
5.528  -12.8807
5.53125  -12.8813
5.5345  -12.8819
5.53775  -12.8825
5.541  -12.8831
5.54425  -12.8837
5.5475  -12.8842
5.55075  -12.8848
5.554  -12.8854
5.55725  -12.886
5.5605  -12.8866
5.56375  -12.8872
5.567  -12.8878
5.57025  -12.8884
5.5735  -12.889
5.57675  -12.8896
5.58  -12.8902
5.58325  -12.8908
5.5865  -12.8914
5.58975  -12.892
5.593  -12.8925
5.59625  -12.8931
5.5995  -12.8937
5.60275  -12.8943
5.606  -12.8949
5.60925  -12.8955
5.6125  -12.8961
5.61575  -12.8967
5.619  -12.8973
5.62225  -12.8979
5.6255  -12.8985
5.62875  -12.8995
5.632  -12.9005
5.63525  -12.9014
5.6385  -12.9024
5.64175  -12.9034
5.645  -12.9044
5.64825  -12.9053
5.6515  -12.9063
5.65475  -12.9073
5.658  -12.9083
5.66125  -12.9093
5.6645  -12.9103
5.66775  -12.9112
5.671  -12.9122
5.67425  -12.9132
5.6775  -12.9142
5.68075  -12.9152
5.684  -12.9162
5.68725  -12.9172
5.6905  -12.9182
5.69375  -12.9192
5.697  -12.9202
5.70025  -12.9212
5.7035  -12.9222
5.70675  -12.9232
5.71  -12.9242
5.71325  -12.9252
5.7165  -12.9262
5.71975  -12.9272
5.723  -12.9282
5.72625  -12.9292
5.7295  -12.9303
5.73275  -12.9313
5.736  -12.9323
5.73925  -12.9333
5.7425  -12.9343
5.74575  -12.9354
5.749  -12.9364
5.75225  -12.9374
5.7555  -12.9384
5.75875  -12.9395
5.762  -12.9405
5.76525  -12.9415
5.7685  -12.9426
5.77175  -12.9436
5.775  -12.9446
5.77825  -12.9457
5.7815  -12.9467
5.78475  -12.9478
5.788  -12.9488
5.79125  -12.9498
5.7945  -12.9509
5.79775  -12.9519
5.801  -12.953
5.80425  -12.954
5.8075  -12.9551
5.81075  -12.9562
5.814  -12.9572
5.81725  -12.9583
5.8205  -12.9593
5.82375  -12.9604
5.827  -12.9615
5.83025  -12.9625
5.8335  -12.9636
5.83675  -12.9647
5.84  -12.9657
5.84325  -12.9668
5.8465  -12.9679
5.84975  -12.969
5.853  -12.9701
5.85625  -12.9711
5.8595  -12.9722
5.86275  -12.9733
5.866  -12.9744
5.86925  -12.9755
5.8725  -12.9766
5.87575  -12.9774
5.879  -12.9774
5.88225  -12.9774
5.8855  -12.9774
5.88875  -12.9774
5.892  -12.9775
5.89525  -12.9775
5.8985  -12.9775
5.90175  -12.9775
5.905  -12.9775
5.90825  -12.9775
5.9115  -12.9775
5.91475  -12.9775
5.918  -12.9775
5.92125  -12.9775
5.9245  -12.9775
5.92775  -12.9775
5.931  -12.9775
5.93425  -12.9775
5.9375  -12.9775
5.94075  -12.9775
5.944  -12.9775
5.94725  -12.9775
5.9505  -12.9775
5.95375  -12.9775
5.957  -12.9775
5.96025  -12.9775
5.9635  -12.9775
5.96675  -12.9775
5.97  -12.9775
5.97325  -12.9775
5.9765  -12.9775
5.97975  -12.9775
5.983  -12.9775
5.98625  -12.9775
5.9895  -12.9775
5.99275  -12.9775
5.996  -12.9775
5.99925  -12.9775
6.0025  -12.9775
6.00575  -12.9775
6.009  -12.9775
6.01225  -12.9775
6.0155  -12.9775
6.01875  -12.9775
6.022  -12.9775
6.02525  -12.9775
6.0285  -12.9775
6.03175  -12.9775
6.035  -12.9775
6.03825  -12.9775
6.0415  -12.9775
6.04475  -12.9774
6.048  -12.9774
6.05125  -12.9774
6.0545  -12.9774
6.05775  -12.9774
6.061  -12.9774
6.06425  -12.9774
6.0675  -12.9774
6.07075  -12.9774
6.074  -12.9774
6.07725  -12.9773
6.0805  -12.9773
6.08375  -12.9773
6.087  -12.9773
6.09025  -12.9773
6.0935  -12.9773
6.09675  -12.9773
6.1  -12.9773
6.10325  -12.9773
6.1065  -12.9772
6.10975  -12.9772
6.113  -12.9772
6.11625  -12.9772
6.1195  -12.9772
6.12275  -12.9772
6.126  -12.9774
6.12925  -12.978
6.1325  -12.9787
6.13575  -12.9794
6.139  -12.9801
6.14225  -12.9808
6.1455  -12.9815
6.14875  -12.9821
6.152  -12.9828
6.15525  -12.9835
6.1585  -12.9842
6.16175  -12.9849
6.165  -12.9856
6.16825  -12.9863
6.1715  -12.9869
6.17475  -12.9876
6.178  -12.9883
6.18125  -12.989
6.1845  -12.9897
6.18775  -12.9904
6.191  -12.9911
6.19425  -12.9918
6.1975  -12.9925
6.20075  -12.9932
6.204  -12.9939
6.20725  -12.9946
6.2105  -12.9953
6.21375  -12.996
6.217  -12.9967
6.22025  -12.9974
6.2235  -12.9981
6.22675  -12.9988
6.23  -12.9995
6.23325  -13.0002
6.2365  -13.0009
6.23975  -13.0016
6.243  -13.0023
6.24625  -13.003
6.2495  -13.0037
6.25275  -13.0044
6.256  -13.0051
6.25925  -13.0058
6.2625  -13.0065
6.26575  -13.0073
6.269  -13.008
6.27225  -13.0087
6.2755  -13.0094
6.27875  -13.0101
6.282  -13.0108
6.28525  -13.0115
6.2885  -13.0122
6.29175  -13.013
6.295  -13.0137
6.29825  -13.0144
6.3015  -13.0151
6.30475  -13.0158
6.308  -13.0166
6.31125  -13.0173
6.3145  -13.018
6.31775  -13.0187
6.321  -13.0195
6.32425  -13.0202
6.3275  -13.0209
6.33075  -13.0216
6.334  -13.0224
6.33725  -13.0231
6.3405  -13.0238
6.34375  -13.0245
6.347  -13.0253
6.35025  -13.026
6.3535  -13.0267
6.35675  -13.0275
6.36  -13.0282
6.36325  -13.0289
6.3665  -13.0297
6.36975  -13.0304
6.373  -13.0312
6.37625  -13.0319
6.3795  -13.0325
6.38275  -13.0331
6.386  -13.0337
6.38925  -13.0344
6.3925  -13.035
6.39575  -13.0356
6.399  -13.0363
6.40225  -13.0369
6.4055  -13.0375
6.40875  -13.0382
6.412  -13.0388
6.41525  -13.0394
6.4185  -13.0401
6.42175  -13.0407
6.425  -13.0413
6.42825  -13.042
6.4315  -13.0426
6.43475  -13.0433
6.438  -13.0439
6.44125  -13.0445
6.4445  -13.0452
6.44775  -13.0458
6.451  -13.0465
6.45425  -13.0471
6.4575  -13.0478
6.46075  -13.0484
6.464  -13.049
6.46725  -13.0497
6.4705  -13.0503
6.47375  -13.051
6.477  -13.0516
6.48025  -13.0523
6.4835  -13.0529
6.48675  -13.0536
6.49  -13.0542
6.49325  -13.0549
6.4965  -13.0556
6.49975  -13.0562
6.503  -13.0569
6.50625  -13.0575
6.5095  -13.0582
6.51275  -13.0588
6.516  -13.0595
6.51925  -13.0602
6.5225  -13.0608
6.52575  -13.0615
6.529  -13.0621
6.53225  -13.0628
6.5355  -13.0635
6.53875  -13.0641
6.542  -13.0648
6.54525  -13.0655
6.5485  -13.0661
6.55175  -13.0668
6.555  -13.0675
6.55825  -13.0681
6.5615  -13.0688
6.56475  -13.0695
6.568  -13.0701
6.57125  -13.0708
6.5745  -13.0715
6.57775  -13.0722
6.581  -13.0728
6.58425  -13.0735
6.5875  -13.0742
6.59075  -13.0749
6.594  -13.0755
6.59725  -13.0762
6.6005  -13.0769
6.60375  -13.0776
6.607  -13.0783
6.61025  -13.0789
6.6135  -13.0796
6.61675  -13.0803
6.62  -13.081
6.62325  -13.0817
6.6265  -13.0821
6.62975  -13.0823
6.633  -13.0825
6.63625  -13.0827
6.6395  -13.0829
6.64275  -13.0831
6.646  -13.0833
6.64925  -13.0835
6.6525  -13.0837
6.65575  -13.0839
6.659  -13.0841
6.66225  -13.0843
6.6655  -13.0845
6.66875  -13.0847
6.672  -13.0849
6.67525  -13.0851
6.6785  -13.0853
6.68175  -13.0855
6.685  -13.0857
6.68825  -13.0859
6.6915  -13.0861
6.69475  -13.0863
6.698  -13.0865
6.70125  -13.0867
6.7045  -13.0869
6.70775  -13.0871
6.711  -13.0873
6.71425  -13.0875
6.7175  -13.0877
6.72075  -13.0879
6.724  -13.0881
6.72725  -13.0883
6.7305  -13.0885
6.73375  -13.0887
6.737  -13.0889
6.74025  -13.0891
6.7435  -13.0893
6.74675  -13.0895
6.75  -13.0897
6.75325  -13.0899
6.7565  -13.0901
6.75975  -13.0902
6.763  -13.0904
6.76625  -13.0906
6.7695  -13.0908
6.77275  -13.091
6.776  -13.0912
6.77925  -13.0914
6.7825  -13.0916
6.78575  -13.0918
6.789  -13.092
6.79225  -13.0922
6.7955  -13.0924
6.79875  -13.0926
6.802  -13.0928
6.80525  -13.093
6.8085  -13.0931
6.81175  -13.0933
6.815  -13.0935
6.81825  -13.0937
6.8215  -13.0939
6.82475  -13.0941
6.828  -13.0943
6.83125  -13.0945
6.8345  -13.0947
6.83775  -13.0949
6.841  -13.0951
6.84425  -13.0952
6.8475  -13.0954
6.85075  -13.0956
6.854  -13.0958
6.85725  -13.096
6.8605  -13.0962
6.86375  -13.0964
6.867  -13.0966
6.87025  -13.0968
6.8735  -13.097
6.87675  -13.0973
6.88  -13.0977
6.88325  -13.0981
6.8865  -13.0985
6.88975  -13.0989
6.893  -13.0993
6.89625  -13.0997
6.8995  -13.1
6.90275  -13.1004
6.906  -13.1008
6.90925  -13.1012
6.9125  -13.1017
6.91575  -13.1021
6.919  -13.1025
6.92225  -13.1029
6.9255  -13.1033
6.92875  -13.1037
6.932  -13.1041
6.93525  -13.1045
6.9385  -13.1049
6.94175  -13.1053
6.945  -13.1057
6.94825  -13.1061
6.9515  -13.1065
6.95475  -13.1069
6.958  -13.1073
6.96125  -13.1077
6.9645  -13.1081
6.96775  -13.1085
6.971  -13.1089
6.97425  -13.1093
6.9775  -13.1097
6.98075  -13.1101
6.984  -13.1105
6.98725  -13.1109
6.9905  -13.1113
6.99375  -13.1117
6.997  -13.1121
7.00025  -13.1125
7.0035  -13.1129
7.00675  -13.1133
7.01  -13.1137
7.01325  -13.1141
7.0165  -13.1145
7.01975  -13.1149
7.023  -13.1153
7.02625  -13.1157
7.0295  -13.1162
7.03275  -13.1166
7.036  -13.117
7.03925  -13.1174
7.0425  -13.1178
7.04575  -13.1182
7.049  -13.1186
7.05225  -13.119
7.0555  -13.1194
7.05875  -13.1198
7.062  -13.1202
7.06525  -13.1206
7.0685  -13.121
7.07175  -13.1214
7.075  -13.1218
7.07825  -13.1223
7.0815  -13.1227
7.08475  -13.1231
7.088  -13.1235
7.09125  -13.1239
7.0945  -13.1243
7.09775  -13.1247
7.101  -13.1251
7.10425  -13.1255
7.1075  -13.1259
7.11075  -13.1263
7.114  -13.1267
7.11725  -13.1272
7.1205  -13.1276
7.12375  -13.128
7.127  -13.1284
7.13025  -13.129
7.1335  -13.1295
7.13675  -13.13
7.14  -13.1305
7.14325  -13.131
7.1465  -13.1315
7.14975  -13.132
7.153  -13.1325
7.15625  -13.1331
7.1595  -13.1336
7.16275  -13.1341
7.166  -13.1346
7.16925  -13.1351
7.1725  -13.1356
7.17575  -13.1362
7.179  -13.1367
7.18225  -13.1372
7.1855  -13.1377
7.18875  -13.1382
7.192  -13.1387
7.19525  -13.1393
7.1985  -13.1398
7.20175  -13.1403
7.205  -13.1408
7.20825  -13.1414
7.2115  -13.1419
7.21475  -13.1424
7.218  -13.1429
7.22125  -13.1434
7.2245  -13.144
7.22775  -13.1445
7.231  -13.145
7.23425  -13.1456
7.2375  -13.1461
7.24075  -13.1466
7.244  -13.1471
7.24725  -13.1477
7.2505  -13.1482
7.25375  -13.1487
7.257  -13.1493
7.26025  -13.1498
7.2635  -13.1503
7.26675  -13.1508
7.27  -13.1514
7.27325  -13.1519
7.2765  -13.1524
7.27975  -13.153
7.283  -13.1535
7.28625  -13.1541
7.2895  -13.1546
7.29275  -13.1551
7.296  -13.1557
7.29925  -13.1562
7.3025  -13.1567
7.30575  -13.1573
7.309  -13.1578
7.31225  -13.1584
7.3155  -13.1589
7.31875  -13.1594
7.322  -13.16
7.32525  -13.1605
7.3285  -13.1611
7.33175  -13.1616
7.335  -13.1621
7.33825  -13.1627
7.3415  -13.1632
7.34475  -13.1638
7.348  -13.1643
7.35125  -13.1649
7.3545  -13.1654
7.35775  -13.166
7.361  -13.1665
7.36425  -13.1671
7.3675  -13.1676
7.37075  -13.1682
7.374  -13.1687
7.37725  -13.1694
7.3805  -13.1702
7.38375  -13.1709
7.387  -13.1717
7.39025  -13.1724
7.3935  -13.1732
7.39675  -13.1739
7.4  -13.1747
7.40325  -13.1754
7.4065  -13.1762
7.40975  -13.1769
7.413  -13.1777
7.41625  -13.1785
7.4195  -13.1792
7.42275  -13.18
7.426  -13.1807
7.42925  -13.1815
7.4325  -13.1823
7.43575  -13.183
7.439  -13.1838
7.44225  -13.1846
7.4455  -13.1853
7.44875  -13.1861
7.452  -13.1869
7.45525  -13.1877
7.4585  -13.1884
7.46175  -13.1892
7.465  -13.19
7.46825  -13.1908
7.4715  -13.1915
7.47475  -13.1923
7.478  -13.1931
7.48125  -13.1939
7.4845  -13.1947
7.48775  -13.1954
7.491  -13.1962
7.49425  -13.197
7.4975  -13.1978
7.50075  -13.1986
7.504  -13.1994
7.50725  -13.2002
7.5105  -13.201
7.51375  -13.2018
7.517  -13.2026
7.52025  -13.2034
7.5235  -13.2042
7.52675  -13.205
7.53  -13.2058
7.53325  -13.2066
7.5365  -13.2074
7.53975  -13.2082
7.543  -13.209
7.54625  -13.2098
7.5495  -13.2106
7.55275  -13.2114
7.556  -13.2122
7.55925  -13.213
7.5625  -13.2138
7.56575  -13.2146
7.569  -13.2155
7.57225  -13.2163
7.5755  -13.2171
7.57875  -13.2179
7.582  -13.2187
7.58525  -13.2196
7.5885  -13.2204
7.59175  -13.2212
7.595  -13.222
7.59825  -13.2229
7.6015  -13.2237
7.60475  -13.2245
7.608  -13.2253
7.61125  -13.2262
7.6145  -13.227
7.61775  -13.2278
7.621  -13.2287
7.62425  -13.2295
7.6275  -13.2296
7.63075  -13.2295
7.634  -13.2294
7.63725  -13.2293
7.6405  -13.2291
7.64375  -13.229
7.647  -13.2289
7.65025  -13.2288
7.6535  -13.2287
7.65675  -13.2285
7.66  -13.2284
7.66325  -13.2283
7.6665  -13.2282
7.66975  -13.228
7.673  -13.2279
7.67625  -13.2278
7.6795  -13.2277
7.68275  -13.2276
7.686  -13.2274
7.68925  -13.2273
7.6925  -13.2272
7.69575  -13.2271
7.699  -13.227
7.70225  -13.2268
7.7055  -13.2267
7.70875  -13.2266
7.712  -13.2265
7.71525  -13.2263
7.7185  -13.2262
7.72175  -13.2261
7.725  -13.226
7.72825  -13.2258
7.7315  -13.2257
7.73475  -13.2256
7.738  -13.2255
7.74125  -13.2254
7.7445  -13.2252
7.74775  -13.2251
7.751  -13.225
7.75425  -13.2249
7.7575  -13.2247
7.76075  -13.2246
7.764  -13.2245
7.76725  -13.2244
7.7705  -13.2242
7.77375  -13.2241
7.777  -13.224
7.78025  -13.2239
7.7835  -13.2237
7.78675  -13.2236
7.79  -13.2235
7.79325  -13.2234
7.7965  -13.2232
7.79975  -13.2231
7.803  -13.223
7.80625  -13.2229
7.8095  -13.2228
7.81275  -13.2226
7.816  -13.2225
7.81925  -13.2224
7.8225  -13.2223
7.82575  -13.2221
7.829  -13.222
7.83225  -13.2219
7.8355  -13.2218
7.83875  -13.2216
7.842  -13.2215
7.84525  -13.2214
7.8485  -13.2212
7.85175  -13.2211
7.855  -13.221
7.85825  -13.2209
7.8615  -13.2207
7.86475  -13.2206
7.868  -13.2205
7.87125  -13.2204
7.8745  -13.2202
7.87775  -13.2203
7.881  -13.2205
7.88425  -13.2206
7.8875  -13.2208
7.89075  -13.2209
7.894  -13.2211
7.89725  -13.2212
7.9005  -13.2213
7.90375  -13.2215
7.907  -13.2216
7.91025  -13.2218
7.9135  -13.2219
7.91675  -13.222
7.92  -13.2222
7.92325  -13.2223
7.9265  -13.2225
7.92975  -13.2226
7.933  -13.2227
7.93625  -13.2229
7.9395  -13.223
7.94275  -13.2232
7.946  -13.2233
7.94925  -13.2234
7.9525  -13.2236
7.95575  -13.2237
7.959  -13.2239
7.96225  -13.224
7.9655  -13.2241
7.96875  -13.2243
7.972  -13.2244
7.97525  -13.2246
7.9785  -13.2247
7.98175  -13.2248
7.985  -13.225
7.98825  -13.2251
7.9915  -13.2252
7.99475  -13.2254
7.998  -13.2255
8.00125  -13.2257
8.0045  -13.2258
8.00775  -13.2259
8.011  -13.2261
8.01425  -13.2262
8.0175  -13.2263
8.02075  -13.2265
8.024  -13.2266
8.02725  -13.2268
8.0305  -13.2269
8.03375  -13.227
8.037  -13.2272
8.04025  -13.2273
8.0435  -13.2274
8.04675  -13.2276
8.05  -13.2277
8.05325  -13.2279
8.0565  -13.228
8.05975  -13.2281
8.063  -13.2283
8.06625  -13.2284
8.0695  -13.2285
8.07275  -13.2287
8.076  -13.2288
8.07925  -13.2289
8.0825  -13.2291
8.08575  -13.2292
8.089  -13.2293
8.09225  -13.2295
8.0955  -13.2296
8.09875  -13.2297
8.102  -13.2299
8.10525  -13.23
8.1085  -13.2301
8.11175  -13.2303
8.115  -13.2304
8.11825  -13.2306
8.1215  -13.2307
8.12475  -13.2308
8.128  -13.2315
8.13125  -13.2322
8.1345  -13.2329
8.13775  -13.2336
8.141  -13.2343
8.14425  -13.235
8.1475  -13.2358
8.15075  -13.2365
8.154  -13.2372
8.15725  -13.2379
8.1605  -13.2386
8.16375  -13.2393
8.167  -13.2401
8.17025  -13.2408
8.1735  -13.2415
8.17675  -13.2422
8.18  -13.243
8.18325  -13.2437
8.1865  -13.2444
8.18975  -13.2451
8.193  -13.2459
8.19625  -13.2466
8.1995  -13.2473
8.20275  -13.2481
8.206  -13.2488
8.20925  -13.2496
8.2125  -13.2503
8.21575  -13.251
8.219  -13.2518
8.22225  -13.2525
8.2255  -13.2533
8.22875  -13.254
8.232  -13.2548
8.23525  -13.2555
8.2385  -13.2562
8.24175  -13.257
8.245  -13.2577
8.24825  -13.2585
8.2515  -13.2593
8.25475  -13.26
8.258  -13.2608
8.26125  -13.2615
8.2645  -13.2623
8.26775  -13.263
8.271  -13.2638
8.27425  -13.2646
8.2775  -13.2653
8.28075  -13.2661
8.284  -13.2669
8.28725  -13.2676
8.2905  -13.2684
8.29375  -13.2692
8.297  -13.2699
8.30025  -13.2707
8.3035  -13.2715
8.30675  -13.2723
8.31  -13.273
8.31325  -13.2738
8.3165  -13.2746
8.31975  -13.2754
8.323  -13.2762
8.32625  -13.277
8.3295  -13.2777
8.33275  -13.2785
8.336  -13.2793
8.33925  -13.2801
8.3425  -13.2809
8.34575  -13.2817
8.349  -13.2825
8.35225  -13.2833
8.3555  -13.2841
8.35875  -13.2849
8.362  -13.2857
8.36525  -13.2865
8.3685  -13.2873
8.37175  -13.2881
8.375  -13.2889
8.37825  -13.2887
8.3815  -13.2886
8.38475  -13.2884
8.388  -13.2882
8.39125  -13.2881
8.3945  -13.2879
8.39775  -13.2877
8.401  -13.2876
8.40425  -13.2874
8.4075  -13.2873
8.41075  -13.2871
8.414  -13.2869
8.41725  -13.2868
8.4205  -13.2866
8.42375  -13.2864
8.427  -13.2863
8.43025  -13.2861
8.4335  -13.2859
8.43675  -13.2858
8.44  -13.2856
8.44325  -13.2855
8.4465  -13.2853
8.44975  -13.2851
8.453  -13.285
8.45625  -13.2848
8.4595  -13.2846
8.46275  -13.2845
8.466  -13.2843
8.46925  -13.2841
8.4725  -13.284
8.47575  -13.2838
8.479  -13.2836
8.48225  -13.2835
8.4855  -13.2833
8.48875  -13.2831
8.492  -13.283
8.49525  -13.2828
8.4985  -13.2827
8.50175  -13.2825
8.505  -13.2823
8.50825  -13.2822
8.5115  -13.282
8.51475  -13.2818
8.518  -13.2817
8.52125  -13.2815
8.5245  -13.2813
8.52775  -13.2812
8.531  -13.281
8.53425  -13.2808
8.5375  -13.2807
8.54075  -13.2805
8.544  -13.2803
8.54725  -13.2802
8.5505  -13.28
8.55375  -13.2798
8.557  -13.2797
8.56025  -13.2795
8.5635  -13.2793
8.56675  -13.2792
8.57  -13.279
8.57325  -13.2788
8.5765  -13.2787
8.57975  -13.2785
8.583  -13.2783
8.58625  -13.2782
8.5895  -13.278
8.59275  -13.2778
8.596  -13.2777
8.59925  -13.2775
8.6025  -13.2773
8.60575  -13.2772
8.609  -13.277
8.61225  -13.2768
8.6155  -13.2767
8.61875  -13.2765
8.622  -13.2763
8.62525  -13.2762
8.6285  -13.2767
8.63175  -13.2771
8.635  -13.2776
8.63825  -13.278
8.6415  -13.2785
8.64475  -13.2789
8.648  -13.2794
8.65125  -13.2798
8.6545  -13.2803
8.65775  -13.2807
8.661  -13.2812
8.66425  -13.2816
8.6675  -13.2821
8.67075  -13.2825
8.674  -13.283
8.67725  -13.2835
8.6805  -13.2839
8.68375  -13.2844
8.687  -13.2848
8.69025  -13.2853
8.6935  -13.2857
8.69675  -13.2862
8.7  -13.2867
8.70325  -13.2871
8.7065  -13.2876
8.70975  -13.288
8.713  -13.2885
8.71625  -13.289
8.7195  -13.2894
8.72275  -13.2899
8.726  -13.2903
8.72925  -13.2908
8.7325  -13.2913
8.73575  -13.2917
8.739  -13.2922
8.74225  -13.2926
8.7455  -13.2931
8.74875  -13.2936
8.752  -13.294
8.75525  -13.2945
8.7585  -13.295
8.76175  -13.2954
8.765  -13.2959
8.76825  -13.2964
8.7715  -13.2968
8.77475  -13.2973
8.778  -13.2978
8.78125  -13.2982
8.7845  -13.2987
8.78775  -13.2992
8.791  -13.2997
8.79425  -13.3001
8.7975  -13.3006
8.80075  -13.3011
8.804  -13.3015
8.80725  -13.302
8.8105  -13.3025
8.81375  -13.303
8.817  -13.3034
8.82025  -13.3039
8.8235  -13.3044
8.82675  -13.3049
8.83  -13.3053
8.83325  -13.3058
8.8365  -13.3063
8.83975  -13.3068
8.843  -13.3072
8.84625  -13.3077
8.8495  -13.3082
8.85275  -13.3087
8.856  -13.3092
8.85925  -13.3096
8.8625  -13.3101
8.86575  -13.3106
8.869  -13.3111
8.87225  -13.3116
8.8755  -13.312
8.87875  -13.3125
8.882  -13.3129
8.88525  -13.3134
8.8885  -13.3138
8.89175  -13.3143
8.895  -13.3147
8.89825  -13.3152
8.9015  -13.3157
8.90475  -13.3161
8.908  -13.3166
8.91125  -13.317
8.9145  -13.3175
8.91775  -13.3179
8.921  -13.3184
8.92425  -13.3188
8.9275  -13.3193
8.93075  -13.3198
8.934  -13.3202
8.93725  -13.3207
8.9405  -13.3211
8.94375  -13.3216
8.947  -13.322
8.95025  -13.3225
8.9535  -13.323
8.95675  -13.3234
8.96  -13.3239
8.96325  -13.3243
8.9665  -13.3248
8.96975  -13.3253
8.973  -13.3257
8.97625  -13.3262
8.9795  -13.3267
8.98275  -13.3271
8.986  -13.3276
8.98925  -13.328
8.9925  -13.3285
8.99575  -13.329
8.999  -13.3294
9.00225  -13.3299
9.0055  -13.3304
9.00875  -13.3308
9.012  -13.3313
9.01525  -13.3318
9.0185  -13.3322
9.02175  -13.3327
9.025  -13.3332
9.02825  -13.3336
9.0315  -13.3341
9.03475  -13.3346
9.038  -13.3351
9.04125  -13.3355
9.0445  -13.336
9.04775  -13.3365
9.051  -13.3369
9.05425  -13.3374
9.0575  -13.3379
9.06075  -13.3384
9.064  -13.3388
9.06725  -13.3393
9.0705  -13.3398
9.07375  -13.3403
9.077  -13.3407
9.08025  -13.3412
9.0835  -13.3417
9.08675  -13.3422
9.09  -13.3426
9.09325  -13.3431
9.0965  -13.3436
9.09975  -13.3441
9.103  -13.3445
9.10625  -13.345
9.1095  -13.3455
9.11275  -13.346
9.116  -13.3465
9.11925  -13.3469
9.1225  -13.3474
9.12575  -13.3477
9.129  -13.3473
9.13225  -13.3469
9.1355  -13.3464
9.13875  -13.346
9.142  -13.3456
9.14525  -13.3452
9.1485  -13.3448
9.15175  -13.3443
9.155  -13.3439
9.15825  -13.3435
9.1615  -13.3431
9.16475  -13.3427
9.168  -13.3423
9.17125  -13.3419
9.1745  -13.3414
9.17775  -13.341
9.181  -13.3406
9.18425  -13.3402
9.1875  -13.3398
9.19075  -13.3394
9.194  -13.339
9.19725  -13.3386
9.2005  -13.3381
9.20375  -13.3377
9.207  -13.3373
9.21025  -13.3369
9.2135  -13.3365
9.21675  -13.3361
9.22  -13.3357
9.22325  -13.3353
9.2265  -13.3349
9.22975  -13.3345
9.233  -13.3341
9.23625  -13.3337
9.2395  -13.3332
9.24275  -13.3328
9.246  -13.3324
9.24925  -13.332
9.2525  -13.3316
9.25575  -13.3312
9.259  -13.3308
9.26225  -13.3304
9.2655  -13.33
9.26875  -13.3296
9.272  -13.3292
9.27525  -13.3288
9.2785  -13.3284
9.28175  -13.328
9.285  -13.3276
9.28825  -13.3272
9.2915  -13.3268
9.29475  -13.3264
9.298  -13.326
9.30125  -13.3256
9.3045  -13.3252
9.30775  -13.3248
9.311  -13.3244
9.31425  -13.324
9.3175  -13.3236
9.32075  -13.3232
9.324  -13.3228
9.32725  -13.3224
9.3305  -13.322
9.33375  -13.3216
9.337  -13.3212
9.34025  -13.3208
9.3435  -13.3204
9.34675  -13.32
9.35  -13.3196
9.35325  -13.3192
9.3565  -13.3188
9.35975  -13.3184
9.363  -13.3181
9.36625  -13.3177
9.3695  -13.3173
9.37275  -13.3169
9.376  -13.3169
9.37925  -13.3178
9.3825  -13.3187
9.38575  -13.3196
9.389  -13.3205
9.39225  -13.3215
9.3955  -13.3224
9.39875  -13.3233
9.402  -13.3242
9.40525  -13.3252
9.4085  -13.3261
9.41175  -13.327
9.415  -13.328
9.41825  -13.3289
9.4215  -13.3298
9.42475  -13.3308
9.428  -13.3317
9.43125  -13.3327
9.4345  -13.3336
9.43775  -13.3346
9.441  -13.3355
9.44425  -13.3365
9.4475  -13.3374
9.45075  -13.3384
9.454  -13.3393
9.45725  -13.3403
9.4605  -13.3413
9.46375  -13.3422
9.467  -13.3432
9.47025  -13.3442
9.4735  -13.3451
9.47675  -13.3461
9.48  -13.3471
9.48325  -13.3481
9.4865  -13.349
9.48975  -13.35
9.493  -13.351
9.49625  -13.352
9.4995  -13.353
9.50275  -13.354
9.506  -13.355
9.50925  -13.356
9.5125  -13.357
9.51575  -13.358
9.519  -13.359
9.52225  -13.36
9.5255  -13.361
9.52875  -13.362
9.532  -13.363
9.53525  -13.364
9.5385  -13.365
9.54175  -13.3661
9.545  -13.3671
9.54825  -13.3681
9.5515  -13.3691
9.55475  -13.3702
9.558  -13.3712
9.56125  -13.3722
9.5645  -13.3733
9.56775  -13.3743
9.571  -13.3753
9.57425  -13.3764
9.5775  -13.3774
9.58075  -13.3785
9.584  -13.3795
9.58725  -13.3806
9.5905  -13.3816
9.59375  -13.3827
9.597  -13.3837
9.60025  -13.3848
9.6035  -13.3859
9.60675  -13.3869
9.61  -13.388
9.61325  -13.3891
9.6165  -13.3902
9.61975  -13.3912
9.623  -13.3923
9.62625  -13.3931
9.6295  -13.3934
9.63275  -13.3937
9.636  -13.394
9.63925  -13.3943
9.6425  -13.3946
9.64575  -13.3949
9.649  -13.3951
9.65225  -13.3954
9.6555  -13.3957
9.65875  -13.396
9.662  -13.3963
9.66525  -13.3966
9.6685  -13.3969
9.67175  -13.3972
9.675  -13.3975
9.67825  -13.3978
9.6815  -13.3981
9.68475  -13.3984
9.688  -13.3987
9.69125  -13.399
9.6945  -13.3993
9.69775  -13.3995
9.701  -13.3998
9.70425  -13.4001
9.7075  -13.4004
9.71075  -13.4007
9.714  -13.401
9.71725  -13.4013
9.7205  -13.4016
9.72375  -13.4019
9.727  -13.4022
9.73025  -13.4025
9.7335  -13.4028
9.73675  -13.4031
9.74  -13.4034
9.74325  -13.4037
9.7465  -13.404
9.74975  -13.4043
9.753  -13.4046
9.75625  -13.4049
9.7595  -13.4052
9.76275  -13.4055
9.766  -13.4058
9.76925  -13.4061
9.7725  -13.4064
9.77575  -13.4067
9.779  -13.407
9.78225  -13.4073
9.7855  -13.4076
9.78875  -13.4079
9.792  -13.4082
9.79525  -13.4085
9.7985  -13.4087
9.80175  -13.409
9.805  -13.4093
9.80825  -13.4096
9.8115  -13.4099
9.81475  -13.4102
9.818  -13.4105
9.82125  -13.4108
9.8245  -13.4111
9.82775  -13.4114
9.831  -13.4117
9.83425  -13.4121
9.8375  -13.4124
9.84075  -13.4127
9.844  -13.413
9.84725  -13.4133
9.8505  -13.4136
9.85375  -13.4139
9.857  -13.4142
9.86025  -13.4145
9.8635  -13.4148
9.86675  -13.4151
9.87  -13.4154
9.87325  -13.4157
9.8765  -13.416
9.87975  -13.4164
9.883  -13.4168
9.88625  -13.4172
9.8895  -13.4176
9.89275  -13.418
9.896  -13.4184
9.89925  -13.4188
9.9025  -13.4192
9.90575  -13.4196
9.909  -13.42
9.91225  -13.4204
9.9155  -13.4208
9.91875  -13.4211
9.922  -13.4215
9.92525  -13.4219
9.9285  -13.4223
9.93175  -13.4227
9.935  -13.4231
9.93825  -13.4235
9.9415  -13.4239
9.94475  -13.4243
9.948  -13.4247
9.95125  -13.4251
9.9545  -13.4255
9.95775  -13.4259
9.961  -13.4263
9.96425  -13.4267
9.9675  -13.4271
9.97075  -13.4275
9.974  -13.4279
9.97725  -13.4283
9.9805  -13.4287
9.98375  -13.4291
9.987  -13.4295
9.99025  -13.4299
9.9935  -13.4303
9.99675  -13.4307
